7
6.85733
6.71745
6.58031
6.44585
6.31401
6.18475
6.058
5.93372
5.81186
5.69236
5.57518
5.46027
5.34758
5.23707
5.12869
5.0224
4.91816
4.81591
4.71563
4.61726
4.52078
4.42613
4.33329
4.24222
4.15287
4.06521
3.97921
3.89483
3.81204
3.73081
3.65109
3.57287
3.49611
3.42077
3.34683
3.27426
3.20303
3.13311
3.06448
2.9971
2.93095
2.86601
2.80225
2.73964
2.67816
2.61779
2.5585
2.50027
2.44308
2.38691
2.33174
2.27754
2.22429
2.17198
2.12059
2.0701
2.02049
1.97174
1.92384
1.87678
1.83052
1.78507
1.7404
1.6965
1.65336
1.61096
1.5693
1.52836
1.48812
1.44859
1.40974
1.37157
1.33407
1.29724
1.26106
1.22552
1.19063
1.15637
1.12275
1.08974
1.05736
1.0256
0.994443
0.963901
0.933968
0.904641
0.875918
0.847797
0.820278
0.793359
0.767038
0.741315
0.716189
0.691657
0.667719
0.644372
0.621614
0.599443
0.577855
0.556847
