-0.5
-0.874
-0.905746
-0.881584
-0.894856
-0.883065
-0.887849
-0.88171
-0.882687
-0.879047
-0.878365
-0.875791
-0.874407
-0.87227
-0.870594
-0.868627
-0.866831
-0.864925
-0.863079
-0.86119
-0.85932
-0.857432
-0.855548
-0.853655
-0.85176
-0.84986
-0.847955
-0.846046
-0.844133
-0.842216
-0.840294
-0.838367
-0.836436
-0.8345
-0.83256
-0.830615
-0.828666
-0.826712
-0.824753
-0.82279
-0.820821
-0.818848
-0.816871
-0.814888
-0.812901
-0.810909
-0.808912
-0.80691
-0.804903
-0.802891
-0.800874
-0.798851
-0.796824
-0.794792
-0.792755
-0.790712
-0.788664
-0.786611
-0.784553
-0.78249
-0.780421
-0.778346
-0.776267
-0.774182
-0.772091
-0.769995
-0.767893
-0.765786
-0.763673
-0.761555
-0.759431
-0.757301
-0.755165
-0.753024
-0.750876
-0.748723
-0.746564
-0.744399
-0.742228
-0.740051
-0.737868
-0.735679
-0.733484
-0.731283
-0.729075
-0.726861
-0.724641
-0.722414
-0.720181
-0.717942
-0.715696
-0.713443
-0.711184
-0.708919
-0.706647
-0.704368
-0.702082
-0.699789
-0.69749
-0.695184
-0.692871
-0.690551
-0.688223
-0.685889
-0.683548
-0.681199
-0.678843
-0.67648
-0.67411
-0.671732
-0.669347
-0.666954
-0.664554
-0.662147
-0.659731
-0.657308
-0.654877
-0.652438
-0.649992
-0.647537
-0.645075
-0.642604
-0.640126
-0.637639
-0.635144
-0.632641
-0.630129
-0.62761
-0.625081
-0.622544
-0.619999
-0.617445
-0.614882
-0.61231
-0.60973
-0.607141
-0.604543
-0.601935
-0.599319
-0.596694
-0.594059
-0.591415
-0.588762
-0.586099
-0.583427
-0.580745
-0.578054
-0.575353
-0.572642
-0.569921
-0.56719
-0.56445
-0.561699
-0.558938
-0.556167
-0.553386
-0.550594
-0.547792
-0.54498
-0.542156
-0.539323
-0.536478
-0.533623
-0.530756
-0.527879
-0.524991
-0.522091
-0.519181
-0.516259
-0.513326
-0.510381
-0.507425
-0.504457
-0.501477
-0.498486
-0.495483
-0.492468
-0.489441
-0.486402
-0.483351
-0.480287
-0.477211
-0.474123
-0.471022
-0.467909
-0.464783
-0.461644
-0.458493
-0.455329
-0.452151
-0.448961
-0.445758
-0.442541
-0.439311
-0.436068
-0.432812
-0.429542
-0.426258
-0.422961
-0.41965
-0.416325
-0.412987
-0.409635
-0.406268
-0.402888
-0.399494
-0.396085
-0.392663
-0.389226
-0.385775
-0.38231
-0.37883
-0.375336
-0.371827
-0.368304
-0.364767
-0.361215
-0.357648
-0.354067
-0.350471
-0.346861
-0.343236
-0.339596
-0.335942
-0.332273
-0.32859
-0.324891
-0.321179
-0.317452
-0.31371
-0.309954
-0.306184
-0.302399
-0.2986
-0.294787
-0.290959
-0.287118
-0.283262
-0.279393
-0.27551
-0.271613
-0.267703
-0.263779
-0.259842
-0.255892
-0.25193
-0.247954
-0.243966
-0.239966
-0.235953
-0.231929
-0.227892
-0.223845
-0.219786
-0.215716
-0.211636
-0.207545
-0.203445
-0.199334
-0.195214
-0.191086
-0.186948
-0.182802
-0.178648
-0.174487
-0.170318
-0.166142
-0.161961
-0.157773
-0.15358
-0.149382
-0.145179
-0.140972
-0.136762
-0.132549
-0.128333
-0.124115
-0.119896
-0.115676
-0.111455
-0.107235
-0.103015
-0.0987972
-0.0945808
-0.0903669
-0.086156
-0.0819487
-0.0777457
-0.0735475
-0.0693547
-0.0651679
-0.0609876
-0.0568146
-0.0526493
-0.0484924
-0.0443444
-0.0402059
-0.0360774
-0.0319597
-0.0278531
-0.0237583
-0.0196758
-0.0156061
-0.0115497
-0.00750723
-0.00347911
0.000534148
0.00453208
0.00851421
0.0124801
0.0164293
0.0203614
0.0242759
0.0281726
0.0320509
0.0359106
0.0397513
0.0435727
0.0473743
0.0511561
0.0549175
0.0586585
0.0623787
0.0660779
0.0697559
0.0734124
0.0770473
0.0806605
0.0842516
0.0878207
0.0913675
0.094892
0.098394
0.101873
0.10533
0.108764
0.112176
0.115565
0.11893
0.122273
0.125594
0.128891
0.132166
0.135418
0.138647
0.141853
0.145037
0.148198
0.151337
0.154453
0.157547
0.160619
0.163669
0.166697
0.169702
0.172686
0.175648
0.178589
0.181508
0.184406
0.187282
0.190138
0.192973
0.195787
0.19858
0.201353
0.204106
0.206838
0.209551
0.212244
0.214917
0.217571
0.220205
0.22282
0.225417
0.227994
0.230553
0.233093
0.235615
0.238119
0.240604
0.243072
0.245523
0.247955
0.250371
0.252769
0.255151
0.257515
0.259863
0.262194
0.264509
0.266808
0.269091
0.271358
0.273609
0.275845
0.278066
0.280271
0.282461
0.284636
0.286796
0.288942
0.291073
0.29319
0.295293
0.297381
0.299456
0.301517
0.303565
0.305599
0.307619
0.309627
0.311621
0.313602
0.315571
0.317527
0.31947
0.321401
0.32332
0.325226
0.32712
0.329003
0.330874
0.332733
0.33458
0.336416
0.338241
0.340054
0.341856
0.343648
0.345428
0.347198
0.348957
0.350705
0.352443
0.354171
0.355888
0.357595
0.359292
0.360979
0.362657
0.364324
0.365982
0.36763
0.369269
0.370898
0.372518
0.374129
0.375731
0.377324
0.378907
0.380482
0.382048
0.383606
0.385154
0.386695
0.388226
0.38975
0.391265
0.392772
0.39427
0.395761
0.397243
0.398718
0.400185
0.401644
0.403095
0.404539
0.405975
0.407404
0.408825
0.410239
0.411645
0.413044
0.414437
0.415821
0.417199
0.41857
0.419934
0.421291
0.422642
0.423985
0.425322
0.426652
0.427976
0.429293
0.430604
0.431908
0.433206
0.434498
0.435783
0.437062
0.438335
0.439602
0.440863
0.442118
0.443367
0.44461
0.445847
0.447078
0.448304
0.449524
0.450738
0.451947
0.45315
0.454348
0.45554
0.456727
0.457908
0.459084
0.460255
0.46142
0.46258
0.463735
0.464885
0.46603
0.467169
0.468304
0.469434
0.470558
0.471678
0.472793
0.473903
0.475009
0.476109
0.477205
0.478296
0.479383
0.480464
0.481542
0.482614
0.483683
0.484746
0.485806
0.486861
0.487911
0.488957
0.489999
0.491036
0.49207
0.493099
0.494124
0.495144
0.496161
0.497173
0.498181
0.499186
0.500186
0.501182
0.502174
0.503163
0.504147
0.505128
0.506104
0.507077
0.508046
0.509012
0.509973
0.510931
0.511885
0.512835
0.513782
0.514725
0.515665
0.516601
0.517533
0.518462
0.519387
0.520309
0.521228
0.522142
0.523054
0.523962
0.524867
0.525768
0.526666
0.527561
0.528453
0.529341
0.530226
0.531108
0.531986
0.532861
0.533734
0.534603
0.535469
0.536331
0.537191
0.538048
0.538902
0.539752
0.5406
0.541444
0.542286
0.543125
0.54396
0.544793
0.545623
0.54645
0.547274
0.548096
0.548914
0.54973
0.550543
0.551353
0.55216
0.552965
0.553767
0.554566
0.555362
0.556156
0.556947
0.557736
0.558522
0.559305
0.560085
0.560863
0.561639
0.562412
0.563182
0.56395
0.564715
0.565478
0.566238
0.566996
0.567751
0.568504
0.569255
0.570003
0.570748
0.571492
0.572232
0.572971
0.573707
0.574441
0.575172
0.575902
0.576629
0.577353
0.578075
0.578795
0.579513
0.580229
0.580942
0.581653
0.582362
0.583069
0.583773
0.584476
0.585176
0.585874
0.58657
0.587264
0.587955
0.588645
0.589333
0.590018
0.590701
0.591383
0.592062
0.592739
0.593414
0.594087
0.594759
0.595428
0.596095
0.59676
0.597423
0.598085
0.598744
0.599402
0.600057
0.600711
0.601362
0.602012
0.60266
0.603306
0.60395
0.604592
0.605233
0.605871
0.606508
0.607143
0.607776
0.608408
0.609037
0.609665
0.610291
0.610915
0.611538
0.612158
0.612777
0.613394
0.61401
0.614624
0.615236
0.615846
0.616455
0.617062
0.617667
0.61827
0.618872
0.619473
0.620071
0.620668
0.621264
0.621857
0.62245
0.62304
0.623629
0.624216
0.624802
0.625386
0.625969
0.62655
0.627129
0.627707
0.628284
0.628858
0.629432
0.630003
0.630574
0.631142
0.63171
0.632275
0.63284
0.633402
0.633964
0.634524
0.635082
0.635639
0.636194
0.636748
0.637301
0.637852
0.638402
0.63895
0.639497
0.640042
0.640586
0.641129
0.64167
0.64221
0.642749
0.643286
0.643822
0.644356
0.644889
0.645421
0.645951
0.64648
0.647008
0.647535
0.64806
0.648583
0.649106
0.649627
0.650147
0.650665
0.651183
0.651699
0.652213
0.652727
0.653239
0.65375
0.65426
0.654768
0.655275
0.655781
0.656286
0.656789
0.657292
0.657793
0.658293
0.658791
0.659289
0.659785
0.66028
0.660774
0.661266
0.661758
0.662248
0.662737
0.663225
0.663712
0.664197
0.664682
0.665165
0.665647
0.666128
0.666608
0.667087
0.667565
0.668041
0.668517
0.668991
0.669464
0.669936
0.670407
0.670877
0.671346
0.671813
0.67228
0.672746
0.67321
0.673673
0.674136
0.674597
0.675057
0.675516
0.675974
0.676432
0.676888
0.677343
0.677796
0.678249
0.678701
0.679152
0.679602
0.680051
0.680499
0.680945
0.681391
0.681836
0.68228
0.682723
0.683164
0.683605
0.684045
0.684484
0.684922
0.685359
0.685795
0.68623
0.686664
0.687097
0.687529
0.68796
0.68839
0.68882
0.689248
0.689675
0.690102
0.690527
0.690952
0.691376
0.691798
0.69222
0.692641
0.693061
0.69348
0.693898
0.694316
0.694732
0.695148
0.695562
0.695976
0.696389
0.696801
0.697212
0.697622
0.698031
0.69844
0.698847
0.699254
0.69966
0.700065
0.700469
0.700873
0.701275
0.701677
0.702077
0.702477
0.702876
0.703275
0.703672
0.704069
0.704464
0.704859
0.705253
0.705647
0.706039
0.706431
0.706822
0.707212
0.707601
0.70799
0.708377
0.708764
0.70915
0.709535
0.70992
0.710304
0.710686
0.711069
0.71145
0.71183
0.71221
0.712589
0.712968
0.713345
0.713722
0.714098
0.714473
0.714847
0.715221
0.715594
0.715966
0.716338
0.716708
0.717078
0.717448
0.717816
0.718184
0.718551
0.718917
0.719283
0.719648
0.720012
0.720375
0.720738
0.7211
0.721461
0.721822
0.722181
0.722541
0.722899
0.723257
0.723614
0.72397
0.724326
0.724681
0.725035
0.725388
0.725741
0.726093
0.726445
0.726796
0.727146
0.727495
0.727844
0.728192
0.72854
0.728886
0.729232
0.729578
0.729923
0.730267
0.73061
0.730953
0.731295
0.731637
0.731978
0.732318
0.732657
0.732996
0.733334
0.733672
0.734009
0.734345
0.734681
0.735016
0.735351
0.735684
0.736018
0.73635
0.736682
0.737013
0.737344
0.737674
0.738004
0.738332
0.738661
0.738988
0.739315
0.739642
0.739968
0.740293
0.740617
0.740941
0.741265
0.741588
0.74191
0.742231
0.742552
0.742873
0.743193
0.743512
0.743831
0.744149
0.744466
0.744783
0.745099
0.745415
0.74573
0.746045
0.746359
0.746672
0.746985
0.747298
0.74761
0.747921
0.748231
0.748541
0.748851
0.74916
0.749468
0.749776
0.750084
0.75039
0.750697
0.751002
0.751307
0.751612
0.751916
0.752219
0.752522
0.752825
0.753127
0.753428
0.753729
0.754029
0.754329
0.754628
0.754927
0.755225
0.755522
0.755819
0.756116
0.756412
0.756708
0.757003
0.757297
0.757591
0.757885
0.758178
0.75847
0.758762
0.759053
0.759344
0.759635
0.759925
0.760214
0.760503
0.760791
0.761079
0.761367
0.761653
0.76194
0.762226
0.762511
0.762796
0.763081
0.763365
0.763648
0.763931
0.764213
0.764495
0.764777
0.765058
0.765339
0.765619
0.765898
0.766177
0.766456
0.766734
0.767012
0.767289
0.767566
0.767842
0.768118
0.768393
0.768668
0.768943
0.769217
0.76949
0.769763
0.770036
0.770308
0.77058
0.770851
0.771122
0.771392
0.771662
0.771931
0.7722
0.772469
0.772737
0.773005
0.773272
0.773538
0.773805
0.774071
0.774336
0.774601
0.774865
0.77513
0.775393
0.775656
0.775919
0.776182
0.776443
0.776705
0.776966
0.777227
0.777487
0.777747
0.778006
0.778265
0.778523
0.778781
0.779039
0.779296
0.779553
0.77981
0.780066
0.780321
0.780576
0.780831
0.781085
0.781339
0.781593
0.781846
0.782098
0.782351
0.782603
0.782854
0.783105
0.783356
0.783606
0.783856
0.784105
0.784354
0.784603
0.784851
0.785099
0.785346
0.785594
0.78584
0.786086
0.786332
0.786578
0.786823
0.787068
0.787312
0.787556
0.787799
0.788043
0.788285
0.788528
0.78877
0.789011
0.789253
0.789493
0.789734
0.789974
0.790214
0.790453
0.790692
0.790931
0.791169
0.791407
0.791644
0.791881
0.792118
0.792354
0.79259
0.792826
0.793061
0.793296
0.79353
0.793765
0.793998
0.794232
0.794465
0.794698
0.79493
0.795162
0.795394
0.795625
0.795856
0.796086
0.796316
0.796546
0.796776
0.797005
0.797234
0.797462
0.79769
0.797918
0.798145
0.798372
0.798599
0.798825
0.799051
0.799277
0.799502
0.799727
0.799952
0.800176
0.8004
0.800624
0.800847
0.80107
0.801292
0.801515
0.801736
0.801958
0.802179
0.8024
0.802621
0.802841
0.803061
0.80328
0.8035
0.803718
0.803937
0.804155
0.804373
0.804591
0.804808
0.805025
0.805241
0.805458
0.805674
0.805889
0.806105
0.80632
0.806534
0.806749
0.806963
0.807176
0.80739
0.807603
0.807816
0.808028
0.80824
0.808452
0.808663
0.808875
0.809086
0.809296
0.809506
0.809716
0.809926
0.810135
0.810344
0.810553
0.810761
0.810969
0.811177
0.811385
0.811592
0.811799
0.812005
0.812212
0.812417
0.812623
0.812829
0.813034
0.813238
0.813443
0.813647
0.813851
0.814054
0.814258
0.814461
0.814663
0.814866
0.815068
0.81527
0.815471
0.815672
0.815873
0.816074
0.816274
0.816474
0.816674
0.816873
0.817073
0.817272
0.81747
0.817668
0.817867
0.818064
0.818262
0.818459
0.818656
0.818852
0.819049
0.819245
0.819441
0.819636
0.819831
0.820026
0.820221
0.820415
0.820609
0.820803
0.820997
0.82119
0.821383
0.821576
0.821768
0.821961
0.822152
0.822344
0.822535
0.822727
0.822917
0.823108
0.823298
0.823488
0.823678
0.823868
0.824057
0.824246
0.824434
0.824623
0.824811
0.824999
0.825186
0.825374
0.825561
0.825748
0.825934
0.826121
0.826307
0.826492
0.826678
0.826863
0.827048
0.827233
0.827418
0.827602
0.827786
0.82797
0.828153
0.828336
0.828519
0.828702
0.828884
0.829067
0.829249
0.82943
0.829612
0.829793
0.829974
0.830155
0.830335
0.830515
0.830695
0.830875
0.831054
0.831233
0.831412
0.831591
0.83177
0.831948
0.832126
0.832304
0.832481
0.832658
0.832835
0.833012
0.833189
0.833365
0.833541
0.833717
0.833892
0.834068
0.834243
0.834418
0.834592
0.834766
0.834941
0.835114
0.835288
0.835462
0.835635
0.835808
0.83598
0.836153
0.836325
0.836497
0.836669
0.83684
0.837012
0.837183
0.837354
0.837524
0.837695
0.837865
0.838035
0.838205
0.838374
0.838543
0.838712
0.838881
0.83905
0.839218
0.839386
0.839554
0.839722
0.839889
0.840056
0.840223
0.84039
0.840557
0.840723
0.840889
0.841055
0.841221
0.841386
0.841551
0.841716
0.841881
0.842046
0.84221
0.842374
0.842538
0.842702
0.842865
0.843028
0.843191
0.843354
0.843517
0.843679
0.843841
0.844003
0.844165
0.844327
0.844488
0.844649
0.84481
0.844971
0.845131
0.845291
0.845452
0.845611
0.845771
0.84593
0.84609
0.846249
0.846407
0.846566
0.846724
0.846883
0.847041
0.847198
0.847356
0.847513
0.84767
0.847827
0.847984
0.848141
0.848297
0.848453
0.848609
0.848765
0.84892
0.849075
0.849231
0.849386
0.84954
0.849695
0.849849
0.850003
0.850157
0.850311
0.850464
0.850618
0.850771
0.850924
0.851076
0.851229
0.851381
0.851533
0.851685
0.851837
0.851989
0.85214
0.852291
0.852442
0.852593
0.852743
0.852894
0.853044
0.853194
0.853344
0.853493
0.853643
0.853792
0.853941
0.85409
0.854238
0.854387
0.854535
0.854683
0.854831
0.854979
0.855126
0.855274
0.855421
0.855568
0.855715
0.855861
0.856008
0.856154
0.8563
0.856446
0.856591
0.856737
0.856882
0.857027
0.857172
0.857317
0.857461
0.857606
0.85775
0.857894
0.858038
0.858181
0.858325
0.858468
0.858611
0.858754
0.858897
0.859039
0.859182
0.859324
0.859466
0.859608
0.85975
0.859891
0.860032
0.860173
0.860314
0.860455
0.860596
0.860736
0.860876
0.861017
0.861156
0.861296
0.861436
0.861575
0.861714
0.861853
0.861992
0.862131
0.862269
0.862408
0.862546
0.862684
0.862822
0.862959
0.863097
0.863234
0.863371
0.863508
0.863645
0.863782
0.863918
0.864054
0.864191
0.864327
0.864462
0.864598
0.864733
0.864869
0.865004
0.865139
0.865274
0.865408
0.865543
0.865677
0.865811
0.865945
0.866079
0.866212
0.866346
0.866479
0.866612
0.866745
0.866878
0.867011
0.867143
0.867276
0.867408
0.86754
0.867672
0.867803
0.867935
0.868066
0.868197
0.868328
0.868459
0.86859
0.868721
0.868851
0.868981
0.869111
0.869241
0.869371
0.869501
0.86963
0.869759
0.869888
0.870017
0.870146
0.870275
0.870403
0.870532
0.87066
0.870788
0.870916
0.871044
0.871171
0.871299
0.871426
0.871553
0.87168
0.871807
0.871933
0.87206
0.872186
0.872313
0.872439
0.872564
0.87269
0.872816
0.872941
0.873067
0.873192
0.873317
0.873442
0.873566
0.873691
0.873815
0.873939
0.874063
0.874187
0.874311
0.874435
0.874558
0.874682
0.874805
0.874928
0.875051
0.875174
0.875296
0.875419
0.875541
0.875663
0.875785
0.875907
0.876029
0.876151
0.876272
0.876393
0.876514
0.876636
0.876756
0.876877
0.876998
0.877118
0.877238
0.877359
0.877479
0.877599
0.877718
0.877838
0.877957
0.878077
0.878196
0.878315
0.878434
0.878552
0.878671
0.87879
0.878908
0.879026
0.879144
0.879262
0.87938
0.879497
0.879615
0.879732
0.87985
0.879967
0.880084
0.8802
0.880317
0.880434
0.88055
0.880666
0.880782
0.880898
0.881014
0.88113
0.881245
0.881361
0.881476
0.881591
0.881706
0.881821
0.881936
0.882051
0.882165
0.88228
0.882394
0.882508
0.882622
0.882736
0.882849
0.882963
0.883076
0.88319
0.883303
0.883416
0.883529
0.883642
0.883754
0.883867
0.883979
0.884092
0.884204
0.884316
0.884428
0.884539
0.884651
0.884762
0.884874
0.884985
0.885096
0.885207
0.885318
0.885429
0.885539
0.88565
0.88576
0.88587
0.88598
0.88609
0.8862
0.88631
0.886419
0.886529
0.886638
0.886747
0.886856
0.886965
0.887074
0.887183
0.887291
0.8874
0.887508
0.887616
0.887724
0.887832
0.88794
0.888048
0.888155
0.888263
0.88837
0.888477
0.888584
0.888691
0.888798
0.888905
0.889012
0.889118
0.889224
0.889331
0.889437
0.889543
0.889649
0.889754
0.88986
0.889965
0.890071
0.890176
0.890281
0.890386
0.890491
0.890596
0.890701
0.890805
0.89091
0.891014
0.891118
0.891222
0.891326
0.89143
0.891534
0.891637
0.891741
0.891844
0.891947
0.892051
0.892154
0.892256
0.892359
0.892462
0.892565
0.892667
0.892769
0.892871
0.892974
0.893076
0.893177
0.893279
0.893381
0.893482
0.893584
0.893685
0.893786
0.893887
0.893988
0.894089
0.89419
0.89429
0.894391
0.894491
0.894592
0.894692
0.894792
0.894892
0.894992
0.895091
0.895191
0.89529
0.89539
0.895489
0.895588
0.895687
0.895786
0.895885
0.895984
0.896082
0.896181
0.896279
0.896378
0.896476
0.896574
0.896672
0.89677
0.896867
0.896965
0.897062
0.89716
0.897257
0.897354
0.897451
0.897548
0.897645
0.897742
0.897839
0.897935
0.898032
0.898128
0.898224
0.89832
0.898416
0.898512
0.898608
0.898704
0.898799
0.898895
0.89899
0.899085
0.899181
0.899276
0.899371
0.899465
0.89956
0.899655
0.899749
0.899844
0.899938
0.900032
0.900126
0.90022
0.900314
0.900408
0.900502
0.900595
0.900689
0.900782
0.900876
0.900969
0.901062
0.901155
0.901248
0.901341
0.901433
0.901526
0.901618
0.901711
0.901803
0.901895
0.901987
0.902079
0.902171
0.902263
0.902355
0.902446
0.902538
0.902629
0.90272
0.902811
0.902903
0.902993
0.903084
0.903175
0.903266
0.903356
0.903447
0.903537
0.903628
0.903718
0.903808
0.903898
0.903988
0.904077
0.904167
0.904257
0.904346
0.904436
0.904525
0.904614
0.904703
0.904792
0.904881
0.90497
0.905059
0.905147
0.905236
0.905324
0.905413
0.905501
0.905589
0.905677
0.905765
0.905853
0.905941
0.906028
0.906116
0.906204
0.906291
0.906378
0.906465
0.906553
0.90664
0.906727
0.906813
0.9069
0.906987
0.907073
0.90716
0.907246
0.907332
0.907419
0.907505
0.907591
0.907677
0.907762
0.907848
0.907934
0.908019
0.908105
0.90819
0.908275
0.90836
0.908445
0.90853
0.908615
0.9087
0.908785
0.908869
0.908954
0.909038
0.909123
0.909207
0.909291
0.909375
0.909459
0.909543
0.909627
0.909711
0.909794
0.909878
0.909961
0.910045
0.910128
0.910211
0.910294
0.910377
0.91046
0.910543
0.910626
0.910708
0.910791
0.910873
0.910956
0.911038
0.91112
0.911202
0.911285
0.911366
0.911448
0.91153
0.911612
0.911693
0.911775
0.911856
0.911938
0.912019
0.9121
0.912181
0.912262
0.912343
0.912424
0.912505
0.912585
0.912666
0.912746
0.912827
0.912907
0.912987
0.913068
0.913148
0.913228
0.913308
0.913387
0.913467
0.913547
0.913626
0.913706
0.913785
0.913864
0.913944
0.914023
0.914102
0.914181
0.91426
0.914339
0.914417
0.914496
0.914575
0.914653
0.914731
0.91481
0.914888
0.914966
0.915044
0.915122
0.9152
0.915278
0.915356
0.915433
0.915511
0.915588
0.915666
0.915743
0.91582
0.915898
0.915975
0.916052
0.916129
0.916205
0.916282
0.916359
0.916435
0.916512
0.916588
0.916665
0.916741
0.916817
0.916893
0.91697
0.917045
0.917121
0.917197
0.917273
0.917349
0.917424
0.9175
0.917575
0.91765
0.917726
0.917801
0.917876
0.917951
0.918026
0.918101
0.918176
0.91825
0.918325
0.9184
0.918474
0.918548
0.918623
0.918697
0.918771
0.918845
0.918919
0.918993
0.919067
0.919141
0.919215
0.919288
0.919362
0.919435
0.919509
0.919582
0.919655
0.919729
0.919802
0.919875
0.919948
0.920021
0.920093
0.920166
0.920239
0.920311
0.920384
0.920456
0.920529
0.920601
0.920673
0.920745
0.920817
0.920889
0.920961
0.921033
0.921105
0.921177
0.921248
0.92132
0.921391
0.921463
0.921534
0.921605
0.921676
0.921747
0.921818
0.921889
0.92196
0.922031
0.922102
0.922172
0.922243
0.922314
0.922384
0.922454
0.922525
0.922595
0.922665
0.922735
0.922805
0.922875
0.922945
0.923015
0.923085
0.923154
0.923224
0.923293
0.923363
0.923432
0.923502
0.923571
0.92364
0.923709
0.923778
0.923847
0.923916
0.923985
0.924053
0.924122
0.924191
0.924259
0.924328
0.924396
0.924464
0.924533
0.924601
0.924669
0.924737
0.924805
0.924873
0.924941
0.925008
0.925076
0.925144
0.925211
0.925279
0.925346
0.925414
0.925481
0.925548
0.925615
0.925682
0.925749
0.925816
0.925883
0.92595
0.926017
0.926083
0.92615
0.926217
0.926283
0.92635
0.926416
0.926482
0.926548
0.926614
0.926681
0.926747
0.926813
0.926878
0.926944
0.92701
0.927076
0.927141
0.927207
0.927272
0.927338
0.927403
0.927468
0.927533
0.927599
0.927664
0.927729
0.927794
0.927859
0.927923
0.927988
0.928053
0.928117
0.928182
0.928246
0.928311
0.928375
0.92844
0.928504
0.928568
0.928632
0.928696
0.92876
0.928824
0.928888
0.928952
0.929015
0.929079
0.929143
0.929206
0.92927
0.929333
0.929396
0.92946
0.929523
0.929586
0.929649
0.929712
0.929775
0.929838
0.929901
0.929964
0.930026
0.930089
0.930151
0.930214
0.930276
0.930339
0.930401
0.930463
0.930526
0.930588
0.93065
0.930712
0.930774
0.930836
0.930898
0.930959
0.931021
0.931083
0.931144
0.931206
0.931267
0.931329
0.93139
0.931451
0.931513
0.931574
0.931635
0.931696
0.931757
0.931818
0.931879
0.931939
0.932
0.932061
0.932121
0.932182
0.932243
0.932303
0.932363
0.932424
0.932484
0.932544
0.932604
0.932664
0.932724
0.932784
0.932844
0.932904
0.932964
0.933024
0.933083
0.933143
0.933202
0.933262
0.933321
0.933381
0.93344
0.933499
0.933558
0.933618
0.933677
0.933736
0.933795
0.933853
0.933912
0.933971
0.93403
0.934089
0.934147
0.934206
0.934264
0.934323
0.934381
0.934439
0.934498
0.934556
0.934614
0.934672
0.93473
0.934788
0.934846
0.934904
0.934962
0.935019
0.935077
0.935135
0.935192
0.93525
0.935307
0.935365
0.935422
0.935479
0.935537
0.935594
0.935651
0.935708
0.935765
0.935822
0.935879
0.935936
0.935993
0.936049
0.936106
0.936163
0.936219
0.936276
0.936332
0.936389
0.936445
0.936501
0.936557
0.936614
0.93667
0.936726
0.936782
0.936838
0.936894
0.93695
0.937005
0.937061
0.937117
0.937172
0.937228
0.937284
0.937339
0.937394
0.93745
0.937505
0.93756
0.937616
0.937671
0.937726
0.937781
0.937836
0.937891
0.937946
0.938
0.938055
0.93811
0.938165
0.938219
0.938274
0.938328
0.938383
0.938437
0.938492
0.938546
0.9386
0.938654
0.938708
0.938762
0.938817
0.938871
0.938924
0.938978
0.939032
0.939086
0.93914
0.939193
0.939247
0.9393
0.939354
0.939407
0.939461
0.939514
0.939568
0.939621
0.939674
0.939727
0.93978
0.939833
0.939886
0.939939
0.939992
0.940045
0.940098
0.94015
0.940203
0.940256
0.940308
0.940361
0.940413
0.940466
0.940518
0.940571
0.940623
0.940675
0.940727
0.940779
0.940831
0.940883
0.940935
0.940987
0.941039
0.941091
0.941143
0.941195
0.941246
0.941298
0.941349
0.941401
0.941452
0.941504
0.941555
0.941607
0.941658
0.941709
0.94176
0.941811
0.941863
0.941914
0.941965
0.942016
0.942066
0.942117
0.942168
0.942219
0.942269
0.94232
0.942371
0.942421
0.942472
0.942522
0.942573
0.942623
0.942673
0.942724
0.942774
0.942824
0.942874
0.942924
0.942974
0.943024
0.943074
0.943124
0.943174
0.943223
0.943273
0.943323
0.943372
0.943422
0.943472
0.943521
0.943571
0.94362
0.943669
0.943719
0.943768
0.943817
0.943866
0.943915
0.943964
0.944013
0.944062
0.944111
0.94416
0.944209
0.944258
0.944307
0.944355
0.944404
0.944453
0.944501
0.94455
0.944598
0.944646
0.944695
0.944743
0.944791
0.94484
0.944888
0.944936
0.944984
0.945032
0.94508
0.945128
0.945176
0.945224
0.945272
0.945319
0.945367
0.945415
0.945462
0.94551
0.945558
0.945605
0.945653
0.9457
0.945747
0.945795
0.945842
0.945889
0.945936
0.945984
0.946031
0.946078
0.946125
0.946172
0.946219
0.946265
0.946312
0.946359
0.946406
0.946452
0.946499
0.946546
0.946592
0.946639
0.946685
0.946732
0.946778
0.946824
0.946871
0.946917
0.946963
0.947009
0.947056
0.947102
0.947148
0.947194
0.94724
0.947285
0.947331
0.947377
0.947423
0.947469
0.947514
0.94756
0.947606
0.947651
0.947697
0.947742
0.947788
0.947833
0.947878
0.947924
0.947969
0.948014
0.948059
0.948104
0.94815
0.948195
0.94824
0.948285
0.948329
0.948374
0.948419
0.948464
0.948509
0.948553
0.948598
0.948643
0.948687
0.948732
0.948776
0.948821
0.948865
0.94891
0.948954
0.948998
0.949042
0.949087
0.949131
0.949175
0.949219
0.949263
0.949307
0.949351
0.949395
0.949439
0.949483
0.949526
0.94957
0.949614
0.949658
0.949701
0.949745
0.949788
0.949832
0.949875
0.949919
0.949962
0.950005
0.950049
0.950092
0.950135
0.950178
0.950222
0.950265
0.950308
0.950351
0.950394
0.950437
0.95048
0.950522
0.950565
0.950608
0.950651
0.950693
0.950736
0.950779
0.950821
0.950864
0.950906
0.950949
0.950991
0.951034
0.951076
0.951118
0.95116
0.951203
0.951245
0.951287
0.951329
0.951371
0.951413
0.951455
0.951497
0.951539
0.951581
0.951623
0.951665
0.951706
0.951748
0.95179
0.951831
0.951873
0.951914
0.951956
0.951997
0.952039
0.95208
0.952122
0.952163
0.952204
0.952246
0.952287
0.952328
0.952369
0.95241
0.952451
0.952492
0.952533
0.952574
0.952615
0.952656
0.952697
0.952738
0.952778
0.952819
0.95286
0.9529
0.952941
0.952981
0.953022
0.953063
0.953103
0.953143
0.953184
0.953224
0.953264
0.953305
0.953345
0.953385
0.953425
0.953465
0.953505
0.953545
0.953585
0.953625
0.953665
0.953705
0.953745
0.953785
0.953825
0.953864
0.953904
0.953944
0.953983
0.954023
0.954063
0.954102
0.954142
0.954181
0.95422
0.95426
0.954299
0.954338
0.954378
0.954417
0.954456
0.954495
0.954534
0.954574
0.954613
0.954652
0.954691
0.95473
0.954768
0.954807
0.954846
0.954885
0.954924
0.954962
0.955001
0.95504
0.955078
0.955117
0.955156
0.955194
0.955233
0.955271
0.955309
0.955348
0.955386
0.955424
0.955463
0.955501
0.955539
0.955577
0.955615
0.955653
0.955692
0.95573
0.955768
0.955806
0.955843
0.955881
0.955919
0.955957
0.955995
0.956032
0.95607
0.956108
0.956145
0.956183
0.956221
0.956258
0.956296
0.956333
0.956371
0.956408
0.956445
0.956483
0.95652
0.956557
0.956594
0.956632
0.956669
0.956706
0.956743
0.95678
0.956817
0.956854
0.956891
0.956928
0.956965
0.957002
0.957039
0.957075
0.957112
0.957149
0.957185
0.957222
0.957259
0.957295
0.957332
0.957368
0.957405
0.957441
0.957478
0.957514
0.95755
0.957587
0.957623
0.957659
0.957695
0.957732
0.957768
0.957804
0.95784
0.957876
0.957912
0.957948
0.957984
0.95802
0.958056
0.958092
0.958127
0.958163
0.958199
0.958235
0.95827
0.958306
0.958342
0.958377
0.958413
0.958448
0.958484
0.958519
0.958555
0.95859
0.958626
0.958661
0.958696
0.958731
0.958767
0.958802
0.958837
0.958872
0.958907
0.958942
0.958977
0.959012
0.959047
0.959082
0.959117
0.959152
0.959187
0.959222
0.959257
0.959291
0.959326
0.959361
0.959395
0.95943
0.959465
0.959499
0.959534
0.959568
0.959603
0.959637
0.959672
0.959706
0.95974
0.959775
0.959809
0.959843
0.959877
0.959912
0.959946
0.95998
0.960014
0.960048
0.960082
0.960116
0.96015
0.960184
0.960218
0.960252
0.960286
0.96032
0.960353
0.960387
0.960421
0.960455
0.960488
0.960522
0.960555
0.960589
0.960623
0.960656
0.96069
0.960723
0.960756
0.96079
0.960823
0.960857
0.96089
0.960923
0.960956
0.96099
0.961023
0.961056
0.961089
0.961122
0.961155
0.961188
0.961221
0.961254
0.961287
0.96132
0.961353
0.961386
0.961419
0.961451
0.961484
0.961517
0.96155
0.961582
0.961615
0.961648
0.96168
0.961713
0.961745
0.961778
0.96181
0.961843
0.961875
0.961908
0.96194
0.961972
0.962005
0.962037
0.962069
0.962101
0.962133
0.962166
0.962198
0.96223
0.962262
0.962294
0.962326
0.962358
0.96239
0.962422
0.962454
0.962486
0.962517
0.962549
0.962581
0.962613
0.962644
0.962676
0.962708
0.962739
0.962771
0.962803
0.962834
0.962866
0.962897
0.962929
0.96296
0.962991
0.963023
0.963054
0.963086
0.963117
0.963148
0.963179
0.963211
0.963242
0.963273
0.963304
0.963335
0.963366
0.963397
0.963428
0.963459
0.96349
0.963521
0.963552
0.963583
0.963614
0.963645
0.963675
0.963706
0.963737
0.963768
0.963798
0.963829
0.96386
0.96389
0.963921
0.963951
0.963982
0.964012
0.964043
0.964073
0.964104
0.964134
0.964164
0.964195
0.964225
0.964255
0.964285
0.964316
0.964346
0.964376
0.964406
0.964436
0.964466
0.964496
0.964526
0.964556
0.964586
0.964616
0.964646
0.964676
0.964706
0.964736
0.964766
0.964795
0.964825
0.964855
0.964885
0.964914
0.964944
0.964974
0.965003
0.965033
0.965062
0.965092
0.965121
0.965151
0.96518
0.96521
0.965239
0.965269
0.965298
0.965327
0.965356
0.965386
0.965415
0.965444
0.965473
0.965502
0.965532
0.965561
0.96559
0.965619
0.965648
0.965677
0.965706
0.965735
0.965764
0.965793
0.965822
0.96585
0.965879
0.965908
0.965937
0.965965
0.965994
0.966023
0.966052
0.96608
0.966109
0.966137
0.966166
0.966195
0.966223
0.966252
0.96628
0.966308
0.966337
0.966365
0.966394
0.966422
0.96645
0.966479
0.966507
0.966535
0.966563
0.966591
0.96662
0.966648
0.966676
0.966704
0.966732
0.96676
0.966788
0.966816
0.966844
0.966872
0.9669
0.966928
0.966956
0.966983
0.967011
0.967039
0.967067
0.967095
0.967122
0.96715
0.967178
0.967205
0.967233
0.96726
0.967288
0.967316
0.967343
0.967371
0.967398
0.967425
0.967453
0.96748
0.967508
0.967535
0.967562
0.96759
0.967617
0.967644
0.967671
0.967699
0.967726
0.967753
0.96778
0.967807
0.967834
0.967861
0.967888
0.967915
0.967942
0.967969
0.967996
0.968023
0.96805
0.968077
0.968104
0.968131
0.968157
0.968184
0.968211
0.968238
0.968264
0.968291
0.968318
0.968344
0.968371
0.968397
0.968424
0.968451
0.968477
0.968504
0.96853
0.968556
0.968583
0.968609
0.968636
0.968662
0.968688
0.968715
0.968741
0.968767
0.968793
0.96882
0.968846
0.968872
0.968898
0.968924
0.96895
0.968976
0.969002
0.969029
0.969055
0.96908
0.969106
0.969132
0.969158
0.969184
0.96921
0.969236
0.969262
0.969288
0.969313
0.969339
0.969365
0.96939
0.969416
0.969442
0.969467
0.969493
0.969519
0.969544
0.96957
0.969595
0.969621
0.969646
0.969672
0.969697
0.969723
0.969748
0.969773
0.969799
0.969824
0.969849
0.969875
0.9699
0.969925
0.96995
0.969976
0.970001
0.970026
0.970051
0.970076
0.970101
0.970126
0.970151
0.970176
0.970201
0.970226
0.970251
0.970276
0.970301
0.970326
0.970351
0.970376
0.9704
0.970425
0.97045
0.970475
0.970499
0.970524
0.970549
0.970574
0.970598
0.970623
0.970647
0.970672
0.970697
0.970721
0.970746
0.97077
0.970795
0.970819
0.970843
0.970868
0.970892
0.970917
0.970941
0.970965
0.97099
0.971014
0.971038
0.971062
0.971087
0.971111
0.971135
0.971159
0.971183
0.971207
0.971231
0.971255
0.97128
0.971304
0.971328
0.971352
0.971376
0.971399
0.971423
0.971447
0.971471
0.971495
0.971519
0.971543
0.971566
0.97159
0.971614
0.971638
0.971661
0.971685
0.971709
0.971732
0.971756
0.97178
0.971803
0.971827
0.97185
0.971874
0.971897
0.971921
0.971944
0.971968
0.971991
0.972015
0.972038
0.972061
0.972085
0.972108
0.972131
0.972155
0.972178
0.972201
0.972224
0.972248
0.972271
0.972294
0.972317
0.97234
0.972363
0.972386
0.972409
0.972432
0.972455
0.972478
0.972501
0.972524
0.972547
0.97257
0.972593
0.972616
0.972639
0.972662
0.972685
0.972707
0.97273
0.972753
0.972776
0.972798
0.972821
0.972844
0.972866
0.972889
0.972912
0.972934
0.972957
0.972979
0.973002
0.973024
0.973047
0.973069
0.973092
0.973114
0.973137
0.973159
0.973182
0.973204
0.973226
0.973249
0.973271
0.973293
0.973315
0.973338
0.97336
0.973382
0.973404
0.973426
0.973449
0.973471
0.973493
0.973515
0.973537
0.973559
0.973581
0.973603
0.973625
0.973647
0.973669
0.973691
0.973713
0.973735
0.973757
0.973779
0.9738
0.973822
0.973844
0.973866
0.973888
0.973909
0.973931
0.973953
0.973975
0.973996
0.974018
0.97404
0.974061
0.974083
0.974104
0.974126
0.974147
0.974169
0.97419
0.974212
0.974233
0.974255
0.974276
0.974298
0.974319
0.97434
0.974362
0.974383
0.974405
0.974426
0.974447
0.974468
0.97449
0.974511
0.974532
0.974553
0.974574
0.974596
0.974617
0.974638
0.974659
0.97468
0.974701
0.974722
0.974743
0.974764
0.974785
0.974806
0.974827
0.974848
0.974869
0.97489
0.974911
0.974932
0.974952
0.974973
0.974994
0.975015
0.975036
0.975056
0.975077
0.975098
0.975119
0.975139
0.97516
0.975181
0.975201
0.975222
0.975242
0.975263
0.975284
0.975304
0.975325
0.975345
0.975366
0.975386
0.975407
0.975427
0.975447
0.975468
0.975488
0.975509
0.975529
0.975549
0.97557
0.97559
0.97561
0.97563
0.975651
0.975671
0.975691
0.975711
0.975731
0.975752
0.975772
0.975792
0.975812
0.975832
0.975852
0.975872
0.975892
0.975912
0.975932
0.975952
0.975972
0.975992
0.976012
0.976032
0.976052
0.976072
0.976092
0.976111
0.976131
0.976151
0.976171
0.976191
0.97621
0.97623
0.97625
0.97627
0.976289
0.976309
0.976329
0.976348
0.976368
0.976387
0.976407
0.976427
0.976446
0.976466
0.976485
0.976505
0.976524
0.976544
0.976563
0.976583
0.976602
0.976621
0.976641
0.97666
0.97668
0.976699
0.976718
0.976737
0.976757
0.976776
0.976795
0.976815
0.976834
0.976853
0.976872
0.976891
0.97691
0.97693
0.976949
0.976968
0.976987
0.977006
0.977025
0.977044
0.977063
0.977082
0.977101
0.97712
0.977139
0.977158
0.977177
0.977196
0.977215
0.977234
0.977252
0.977271
0.97729
0.977309
0.977328
0.977347
0.977365
0.977384
0.977403
0.977422
0.97744
0.977459
0.977478
0.977496
0.977515
0.977533
0.977552
0.977571
0.977589
0.977608
0.977626
0.977645
0.977663
0.977682
0.9777
0.977719
0.977737
0.977756
0.977774
0.977792
0.977811
0.977829
0.977848
0.977866
0.977884
0.977903
0.977921
0.977939
0.977957
0.977976
0.977994
0.978012
0.97803
0.978048
0.978067
0.978085
0.978103
0.978121
0.978139
0.978157
0.978175
0.978193
0.978211
0.978229
0.978247
0.978265
0.978283
0.978301
0.978319
0.978337
0.978355
0.978373
0.978391
0.978409
0.978427
0.978444
0.978462
0.97848
0.978498
0.978516
0.978533
0.978551
0.978569
0.978587
0.978604
0.978622
0.97864
0.978657
0.978675
0.978693
0.97871
0.978728
0.978745
0.978763
0.97878
0.978798
0.978816
0.978833
0.978851
0.978868
0.978885
0.978903
0.97892
0.978938
0.978955
0.978973
0.97899
0.979007
0.979025
0.979042
0.979059
0.979077
0.979094
0.979111
0.979128
0.979146
0.979163
0.97918
0.979197
0.979214
0.979232
0.979249
0.979266
0.979283
0.9793
0.979317
0.979334
0.979351
0.979368
0.979385
0.979402
0.979419
0.979436
0.979453
0.97947
0.979487
0.979504
0.979521
0.979538
0.979555
0.979572
0.979589
0.979606
0.979622
0.979639
0.979656
0.979673
0.97969
0.979706
0.979723
0.97974
0.979757
0.979773
0.97979
0.979807
0.979823
0.97984
0.979857
0.979873
0.97989
0.979906
0.979923
0.979939
0.979956
0.979973
0.979989
0.980006
0.980022
0.980039
0.980055
0.980071
0.980088
0.980104
0.980121
0.980137
0.980154
0.98017
0.980186
0.980203
0.980219
0.980235
0.980251
0.980268
0.980284
0.9803
0.980317
0.980333
0.980349
0.980365
0.980381
0.980398
0.980414
0.98043
0.980446
0.980462
0.980478
0.980494
0.98051
0.980526
0.980542
0.980558
0.980575
0.980591
0.980607
0.980622
0.980638
0.980654
0.98067
0.980686
0.980702
0.980718
0.980734
0.98075
0.980766
0.980782
0.980797
0.980813
0.980829
0.980845
0.980861
0.980876
0.980892
0.980908
0.980924
0.980939
0.980955
0.980971
0.980986
0.981002
0.981018
0.981033
0.981049
0.981064
0.98108
0.981096
0.981111
0.981127
0.981142
0.981158
0.981173
0.981189
0.981204
0.98122
0.981235
0.981251
0.981266
0.981282
0.981297
0.981312
0.981328
0.981343
0.981358
0.981374
0.981389
0.981404
0.98142
0.981435
0.98145
0.981466
0.981481
0.981496
0.981511
0.981526
0.981542
0.981557
0.981572
0.981587
0.981602
0.981617
0.981633
0.981648
0.981663
0.981678
0.981693
0.981708
0.981723
0.981738
0.981753
0.981768
0.981783
0.981798
0.981813
0.981828
0.981843
0.981858
0.981873
0.981888
0.981903
0.981918
0.981932
0.981947
0.981962
0.981977
0.981992
0.982007
0.982021
0.982036
0.982051
0.982066
0.98208
0.982095
0.98211
0.982125
0.982139
0.982154
0.982169
0.982183
0.982198
0.982213
0.982227
0.982242
0.982256
0.982271
0.982285
0.9823
0.982315
0.982329
0.982344
0.982358
0.982373
0.982387
0.982402
0.982416
0.982431
0.982445
0.982459
0.982474
0.982488
0.982503
0.982517
0.982531
0.982546
0.98256
0.982574
0.982589
0.982603
0.982617
0.982631
0.982646
0.98266
0.982674
0.982688
0.982703
0.982717
0.982731
0.982745
0.982759
0.982774
0.982788
0.982802
0.982816
0.98283
0.982844
0.982858
0.982872
0.982886
0.9829
0.982914
0.982929
0.982943
0.982957
0.982971
0.982985
0.982998
0.983012
0.983026
0.98304
0.983054
0.983068
0.983082
0.983096
0.98311
0.983124
0.983138
0.983151
0.983165
0.983179
0.983193
0.983207
0.98322
0.983234
0.983248
0.983262
0.983275
0.983289
0.983303
0.983316
0.98333
0.983344
0.983358
0.983371
0.983385
0.983398
0.983412
0.983426
0.983439
0.983453
0.983466
0.98348
0.983494
0.983507
0.983521
0.983534
0.983548
0.983561
0.983575
0.983588
0.983602
0.983615
0.983628
0.983642
0.983655
0.983669
0.983682
0.983695
0.983709
0.983722
0.983735
0.983749
0.983762
0.983775
0.983789
0.983802
0.983815
0.983829
0.983842
0.983855
0.983868
0.983882
0.983895
0.983908
0.983921
0.983934
0.983947
0.983961
0.983974
0.983987
0.984
0.984013
0.984026
0.984039
0.984052
0.984065
0.984079
0.984092
0.984105
0.984118
0.984131
0.984144
0.984157
0.98417
0.984183
0.984196
0.984209
0.984221
0.984234
0.984247
0.98426
0.984273
0.984286
0.984299
0.984312
0.984325
0.984337
0.98435
0.984363
0.984376
0.984389
0.984401
0.984414
0.984427
0.98444
0.984452
0.984465
0.984478
0.984491
0.984503
0.984516
0.984529
0.984541
0.984554
0.984567
0.984579
0.984592
0.984605
0.984617
0.98463
0.984642
0.984655
0.984667
0.98468
0.984693
0.984705
0.984718
0.98473
0.984743
0.984755
0.984768
0.98478
0.984792
0.984805
0.984817
0.98483
0.984842
0.984855
0.984867
0.984879
0.984892
0.984904
0.984916
0.984929
0.984941
0.984953
0.984966
0.984978
0.98499
0.985003
0.985015
0.985027
0.985039
0.985052
0.985064
0.985076
0.985088
0.985101
0.985113
0.985125
0.985137
0.985149
0.985161
0.985174
0.985186
0.985198
0.98521
0.985222
0.985234
0.985246
0.985258
0.98527
0.985282
0.985294
0.985306
0.985318
0.98533
0.985342
0.985354
0.985366
0.985378
0.98539
0.985402
0.985414
0.985426
0.985438
0.98545
0.985462
0.985474
0.985486
0.985497
0.985509
0.985521
0.985533
0.985545
0.985557
0.985568
0.98558
0.985592
0.985604
0.985616
0.985627
0.985639
0.985651
0.985663
0.985674
0.985686
0.985698
0.985709
0.985721
0.985733
0.985744
0.985756
0.985768
0.985779
0.985791
0.985802
0.985814
0.985826
0.985837
0.985849
0.98586
0.985872
0.985883
0.985895
0.985907
0.985918
0.98593
0.985941
0.985953
0.985964
0.985975
0.985987
0.985998
0.98601
0.986021
0.986033
0.986044
0.986055
0.986067
0.986078
0.98609
0.986101
0.986112
0.986124
0.986135
0.986146
0.986158
0.986169
0.98618
0.986192
0.986203
0.986214
0.986225
0.986237
0.986248
0.986259
0.98627
0.986281
0.986293
0.986304
0.986315
0.986326
0.986337
0.986349
0.98636
0.986371
0.986382
0.986393
0.986404
0.986415
0.986426
0.986437
0.986448
0.98646
0.986471
0.986482
0.986493
0.986504
0.986515
0.986526
0.986537
0.986548
0.986559
0.98657
0.986581
0.986592
0.986603
0.986613
0.986624
0.986635
0.986646
0.986657
0.986668
0.986679
0.98669
0.986701
0.986711
0.986722
0.986733
0.986744
0.986755
0.986766
0.986776
0.986787
0.986798
0.986809
0.986819
0.98683
0.986841
0.986852
0.986862
0.986873
0.986884
0.986895
0.986905
0.986916
0.986927
0.986937
0.986948
0.986959
0.986969
0.98698
0.98699
0.987001
0.987012
0.987022
0.987033
0.987043
0.987054
0.987065
0.987075
0.987086
0.987096
0.987107
0.987117
0.987128
0.987138
0.987149
0.987159
0.98717
0.98718
0.987191
0.987201
0.987211
0.987222
0.987232
0.987243
0.987253
0.987263
0.987274
0.987284
0.987295
0.987305
0.987315
0.987326
0.987336
0.987346
0.987357
0.987367
0.987377
0.987387
0.987398
0.987408
0.987418
0.987429
0.987439
0.987449
0.987459
0.987469
0.98748
0.98749
0.9875
0.98751
0.98752
0.987531
0.987541
0.987551
0.987561
0.987571
0.987581
0.987591
0.987602
0.987612
0.987622
0.987632
0.987642
0.987652
0.987662
0.987672
0.987682
0.987692
0.987702
0.987712
0.987722
0.987732
0.987742
0.987752
0.987762
0.987772
0.987782
0.987792
0.987802
0.987812
0.987822
0.987832
0.987842
0.987852
0.987861
0.987871
0.987881
0.987891
0.987901
0.987911
0.987921
0.987931
0.98794
0.98795
0.98796
0.98797
0.98798
0.987989
0.987999
0.988009
0.988019
0.988028
0.988038
0.988048
0.988058
0.988067
0.988077
0.988087
0.988096
0.988106
0.988116
0.988126
0.988135
0.988145
0.988155
0.988164
0.988174
0.988183
0.988193
0.988203
0.988212
0.988222
0.988231
0.988241
0.988251
0.98826
0.98827
0.988279
0.988289
0.988298
0.988308
0.988317
0.988327
0.988336
0.988346
0.988355
0.988365
0.988374
0.988384
0.988393
0.988403
0.988412
0.988422
0.988431
0.98844
0.98845
0.988459
0.988469
0.988478
0.988487
0.988497
0.988506
0.988515
0.988525
0.988534
0.988543
0.988553
0.988562
0.988571
0.988581
0.98859
0.988599
0.988608
0.988618
0.988627
0.988636
0.988645
0.988655
0.988664
0.988673
0.988682
0.988692
0.988701
0.98871
0.988719
0.988728
0.988737
0.988747
0.988756
0.988765
0.988774
0.988783
0.988792
0.988801
0.988811
0.98882
0.988829
0.988838
0.988847
0.988856
0.988865
0.988874
0.988883
0.988892
0.988901
0.98891
0.988919
0.988928
0.988937
0.988946
0.988955
0.988964
0.988973
0.988982
0.988991
0.989
0.989009
0.989018
0.989027
0.989036
0.989045
0.989054
0.989062
0.989071
0.98908
0.989089
0.989098
0.989107
0.989116
0.989125
0.989133
0.989142
0.989151
0.98916
0.989169
0.989177
0.989186
0.989195
0.989204
0.989213
0.989221
0.98923
0.989239
0.989248
0.989256
0.989265
0.989274
0.989283
0.989291
0.9893
0.989309
0.989317
0.989326
0.989335
0.989343
0.989352
0.989361
0.989369
0.989378
0.989387
0.989395
0.989404
0.989412
0.989421
0.98943
0.989438
0.989447
0.989455
0.989464
0.989472
0.989481
0.98949
0.989498
0.989507
0.989515
0.989524
0.989532
0.989541
0.989549
0.989558
0.989566
0.989575
0.989583
0.989592
0.9896
0.989608
0.989617
0.989625
0.989634
0.989642
0.989651
0.989659
0.989667
0.989676
0.989684
0.989693
0.989701
0.989709
0.989718
0.989726
0.989734
0.989743
0.989751
0.989759
0.989768
0.989776
0.989784
0.989793
0.989801
0.989809
0.989817
0.989826
0.989834
0.989842
0.98985
0.989859
0.989867
0.989875
0.989883
0.989892
0.9899
0.989908
0.989916
0.989924
0.989932
0.989941
0.989949
0.989957
0.989965
0.989973
0.989981
0.98999
0.989998
0.990006
0.990014
0.990022
0.99003
0.990038
0.990046
0.990054
0.990062
0.990071
0.990079
0.990087
0.990095
0.990103
0.990111
0.990119
0.990127
0.990135
0.990143
0.990151
0.990159
0.990167
0.990175
0.990183
0.990191
0.990199
0.990207
0.990215
0.990222
0.99023
0.990238
0.990246
0.990254
0.990262
0.99027
0.990278
0.990286
0.990294
0.990302
0.990309
0.990317
0.990325
0.990333
0.990341
0.990349
0.990356
0.990364
0.990372
0.99038
0.990388
0.990395
0.990403
0.990411
0.990419
0.990427
0.990434
0.990442
0.99045
0.990458
0.990465
0.990473
0.990481
0.990489
0.990496
0.990504
0.990512
0.990519
0.990527
0.990535
0.990542
0.99055
0.990558
0.990565
0.990573
0.990581
0.990588
0.990596
0.990604
0.990611
0.990619
0.990626
0.990634
0.990642
0.990649
0.990657
0.990664
0.990672
0.99068
0.990687
0.990695
0.990702
0.99071
0.990717
0.990725
0.990732
0.99074
0.990747
0.990755
0.990762
0.99077
0.990777
0.990785
0.990792
0.9908
0.990807
0.990815
0.990822
0.990829
0.990837
0.990844
0.990852
0.990859
0.990867
0.990874
0.990881
0.990889
0.990896
0.990904
0.990911
0.990918
0.990926
0.990933
0.99094
0.990948
0.990955
0.990962
0.99097
0.990977
0.990984
0.990992
0.990999
0.991006
0.991013
0.991021
0.991028
0.991035
0.991043
0.99105
0.991057
0.991064
0.991072
0.991079
0.991086
0.991093
0.9911
0.991108
0.991115
0.991122
0.991129
0.991136
0.991144
0.991151
0.991158
0.991165
0.991172
0.991179
0.991187
0.991194
0.991201
0.991208
0.991215
0.991222
0.991229
0.991236
0.991244
0.991251
0.991258
0.991265
0.991272
0.991279
0.991286
0.991293
0.9913
0.991307
0.991314
0.991321
0.991328
0.991335
0.991342
0.991349
0.991356
0.991363
0.99137
0.991377
0.991384
0.991391
0.991398
0.991405
0.991412
0.991419
0.991426
0.991433
0.99144
0.991447
0.991454
0.991461
0.991468
0.991475
0.991481
0.991488
0.991495
0.991502
0.991509
0.991516
0.991523
0.99153
0.991536
0.991543
0.99155
0.991557
0.991564
0.991571
0.991577
0.991584
0.991591
0.991598
0.991605
0.991612
0.991618
0.991625
0.991632
0.991639
0.991645
0.991652
0.991659
0.991666
0.991672
0.991679
0.991686
0.991693
0.991699
0.991706
0.991713
0.99172
0.991726
0.991733
0.99174
0.991746
0.991753
0.99176
0.991766
0.991773
0.99178
0.991786
0.991793
0.9918
0.991806
0.991813
0.991819
0.991826
0.991833
0.991839
0.991846
0.991853
0.991859
0.991866
0.991872
0.991879
0.991885
0.991892
0.991899
0.991905
0.991912
0.991918
0.991925
0.991931
0.991938
0.991944
0.991951
0.991957
0.991964
0.99197
0.991977
0.991983
0.99199
0.991996
0.992003
0.992009
0.992016
0.992022
0.992029
0.992035
0.992042
0.992048
0.992054
0.992061
0.992067
0.992074
0.99208
0.992086
0.992093
0.992099
0.992106
0.992112
0.992118
0.992125
0.992131
0.992138
0.992144
0.99215
0.992157
0.992163
0.992169
0.992176
0.992182
0.992188
0.992195
0.992201
0.992207
0.992214
0.99222
0.992226
0.992232
0.992239
0.992245
0.992251
0.992258
0.992264
0.99227
0.992276
0.992283
0.992289
0.992295
0.992301
0.992307
0.992314
0.99232
0.992326
0.992332
0.992338
0.992345
0.992351
0.992357
0.992363
0.992369
0.992376
0.992382
0.992388
0.992394
0.9924
0.992406
0.992413
0.992419
0.992425
0.992431
0.992437
0.992443
0.992449
0.992455
0.992461
0.992468
0.992474
0.99248
0.992486
0.992492
0.992498
0.992504
0.99251
0.992516
0.992522
0.992528
0.992534
0.99254
0.992546
0.992552
0.992558
0.992564
0.99257
0.992576
0.992582
0.992588
0.992594
0.9926
0.992606
0.992612
0.992618
0.992624
0.99263
0.992636
0.992642
0.992648
0.992654
0.99266
0.992666
0.992672
0.992678
0.992684
0.99269
0.992695
0.992701
0.992707
0.992713
0.992719
0.992725
0.992731
0.992737
0.992743
0.992748
0.992754
0.99276
0.992766
0.992772
0.992778
0.992783
0.992789
0.992795
0.992801
0.992807
0.992813
0.992818
0.992824
0.99283
0.992836
0.992842
0.992847
0.992853
0.992859
0.992865
0.99287
0.992876
0.992882
0.992888
0.992893
0.992899
0.992905
0.992911
0.992916
0.992922
0.992928
0.992934
0.992939
0.992945
0.992951
0.992956
0.992962
0.992968
0.992973
0.992979
0.992985
0.99299
0.992996
0.993002
0.993007
0.993013
0.993019
0.993024
0.99303
0.993036
0.993041
0.993047
0.993052
0.993058
0.993064
0.993069
0.993075
0.99308
0.993086
0.993092
0.993097
0.993103
0.993108
0.993114
0.993119
0.993125
0.993131
0.993136
0.993142
0.993147
0.993153
0.993158
0.993164
0.993169
0.993175
0.99318
0.993186
0.993191
0.993197
0.993202
0.993208
0.993213
0.993219
0.993224
0.99323
0.993235
0.993241
0.993246
0.993252
0.993257
0.993262
0.993268
0.993273
0.993279
0.993284
0.99329
0.993295
0.9933
0.993306
0.993311
0.993317
0.993322
0.993327
0.993333
0.993338
0.993344
0.993349
0.993354
0.99336
0.993365
0.99337
0.993376
0.993381
0.993386
0.993392
0.993397
0.993402
0.993408
0.993413
0.993418
0.993424
0.993429
0.993434
0.99344
0.993445
0.99345
0.993456
0.993461
0.993466
0.993471
0.993477
0.993482
0.993487
0.993492
0.993498
0.993503
0.993508
0.993513
0.993519
0.993524
0.993529
0.993534
0.99354
0.993545
0.99355
0.993555
0.99356
0.993566
0.993571
0.993576
0.993581
0.993586
0.993592
0.993597
0.993602
0.993607
0.993612
0.993617
0.993622
0.993628
0.993633
0.993638
0.993643
0.993648
0.993653
0.993658
0.993664
0.993669
0.993674
0.993679
0.993684
0.993689
0.993694
0.993699
0.993704
0.993709
0.993714
0.99372
0.993725
0.99373
0.993735
0.99374
0.993745
0.99375
0.993755
0.99376
0.993765
0.99377
0.993775
0.99378
0.993785
0.99379
0.993795
0.9938
0.993805
0.99381
0.993815
0.99382
0.993825
0.99383
0.993835
0.99384
0.993845
0.99385
0.993855
0.99386
0.993865
0.99387
0.993875
0.99388
0.993885
0.99389
0.993894
0.993899
0.993904
0.993909
0.993914
0.993919
0.993924
0.993929
0.993934
0.993939
0.993944
0.993948
0.993953
0.993958
0.993963
0.993968
0.993973
0.993978
0.993982
0.993987
0.993992
0.993997
0.994002
0.994007
0.994012
0.994016
0.994021
0.994026
0.994031
0.994036
0.99404
0.994045
0.99405
0.994055
0.99406
0.994064
0.994069
0.994074
0.994079
0.994084
0.994088
0.994093
0.994098
0.994103
0.994107
0.994112
0.994117
0.994122
0.994126
0.994131
0.994136
0.994141
0.994145
0.99415
0.994155
0.994159
0.994164
0.994169
0.994174
0.994178
0.994183
0.994188
0.994192
0.994197
0.994202
0.994206
0.994211
0.994216
0.99422
0.994225
0.99423
0.994234
0.994239
0.994244
0.994248
0.994253
0.994258
0.994262
0.994267
0.994271
0.994276
0.994281
0.994285
0.99429
0.994294
0.994299
0.994304
0.994308
0.994313
0.994317
0.994322
0.994327
0.994331
0.994336
0.99434
0.994345
0.994349
0.994354
0.994358
0.994363
0.994368
0.994372
0.994377
0.994381
0.994386
0.99439
0.994395
0.994399
0.994404
0.994408
0.994413
0.994417
0.994422
0.994426
0.994431
0.994435
0.99444
0.994444
0.994449
0.994453
0.994458
0.994462
0.994467
0.994471
0.994476
0.99448
0.994484
0.994489
0.994493
0.994498
0.994502
0.994507
0.994511
0.994515
0.99452
0.994524
0.994529
0.994533
0.994537
0.994542
0.994546
0.994551
0.994555
0.994559
0.994564
0.994568
0.994573
0.994577
0.994581
0.994586
0.99459
0.994594
0.994599
0.994603
0.994607
0.994612
0.994616
0.994621
0.994625
0.994629
0.994634
0.994638
0.994642
0.994646
0.994651
0.994655
0.994659
0.994664
0.994668
0.994672
0.994677
0.994681
0.994685
0.994689
0.994694
0.994698
0.994702
0.994707
0.994711
0.994715
0.994719
0.994724
0.994728
0.994732
0.994736
0.994741
0.994745
0.994749
0.994753
0.994757
0.994762
0.994766
0.99477
0.994774
0.994779
0.994783
0.994787
0.994791
0.994795
0.9948
0.994804
0.994808
0.994812
0.994816
0.99482
0.994825
0.994829
0.994833
0.994837
0.994841
0.994845
0.99485
0.994854
0.994858
0.994862
0.994866
0.99487
0.994874
0.994879
0.994883
0.994887
0.994891
0.994895
0.994899
0.994903
0.994907
0.994911
0.994916
0.99492
0.994924
0.994928
0.994932
0.994936
0.99494
0.994944
0.994948
0.994952
0.994956
0.99496
0.994964
0.994969
0.994973
0.994977
0.994981
0.994985
0.994989
0.994993
0.994997
0.995001
0.995005
0.995009
0.995013
0.995017
0.995021
0.995025
0.995029
0.995033
0.995037
0.995041
0.995045
0.995049
0.995053
0.995057
0.995061
0.995065
0.995069
0.995073
0.995077
0.995081
0.995085
0.995089
0.995093
0.995097
0.9951
0.995104
0.995108
0.995112
0.995116
0.99512
0.995124
0.995128
0.995132
0.995136
0.99514
0.995144
0.995148
0.995151
0.995155
0.995159
0.995163
0.995167
0.995171
0.995175
0.995179
0.995183
0.995187
0.99519
0.995194
0.995198
0.995202
0.995206
0.99521
0.995214
0.995217
0.995221
0.995225
0.995229
0.995233
0.995237
0.99524
0.995244
0.995248
0.995252
0.995256
0.99526
0.995263
0.995267
0.995271
0.995275
0.995279
0.995282
0.995286
0.99529
0.995294
0.995298
0.995301
0.995305
0.995309
0.995313
0.995316
0.99532
0.995324
0.995328
0.995332
0.995335
0.995339
0.995343
0.995347
0.99535
0.995354
0.995358
0.995362
0.995365
0.995369
0.995373
0.995376
0.99538
0.995384
0.995388
0.995391
0.995395
0.995399
0.995402
0.995406
0.99541
0.995413
0.995417
0.995421
0.995425
0.995428
0.995432
0.995436
0.995439
0.995443
0.995447
0.99545
0.995454
0.995458
0.995461
0.995465
0.995469
0.995472
0.995476
0.995479
0.995483
0.995487
0.99549
0.995494
0.995498
0.995501
0.995505
0.995508
0.995512
0.995516
0.995519
0.995523
0.995527
0.99553
0.995534
0.995537
0.995541
0.995544
0.995548
0.995552
0.995555
0.995559
0.995562
0.995566
0.99557
0.995573
0.995577
0.99558
0.995584
0.995587
0.995591
0.995594
0.995598
0.995601
0.995605
0.995609
0.995612
0.995616
0.995619
0.995623
0.995626
0.99563
0.995633
0.995637
0.99564
0.995644
0.995647
0.995651
0.995654
0.995658
0.995661
0.995665
0.995668
0.995672
0.995675
0.995679
0.995682
0.995686
0.995689
0.995693
0.995696
0.995699
0.995703
0.995706
0.99571
0.995713
0.995717
0.99572
0.995724
0.995727
0.99573
0.995734
0.995737
0.995741
0.995744
0.995748
0.995751
0.995754
0.995758
0.995761
0.995765
0.995768
0.995772
0.995775
0.995778
0.995782
0.995785
0.995788
0.995792
0.995795
0.995799
0.995802
0.995805
0.995809
0.995812
0.995815
0.995819
0.995822
0.995826
0.995829
0.995832
0.995836
0.995839
0.995842
0.995846
0.995849
0.995852
0.995856
0.995859
0.995862
0.995866
0.995869
0.995872
0.995876
0.995879
0.995882
0.995886
0.995889
0.995892
0.995896
0.995899
0.995902
0.995905
0.995909
0.995912
0.995915
0.995919
0.995922
0.995925
0.995928
0.995932
0.995935
0.995938
0.995941
0.995945
0.995948
0.995951
0.995954
0.995958
0.995961
0.995964
0.995967
0.995971
0.995974
0.995977
0.99598
0.995984
0.995987
0.99599
0.995993
0.995997
0.996
0.996003
0.996006
0.996009
0.996013
0.996016
0.996019
0.996022
0.996025
0.996029
0.996032
0.996035
0.996038
0.996041
0.996045
0.996048
0.996051
0.996054
0.996057
0.99606
0.996064
0.996067
0.99607
0.996073
0.996076
0.996079
0.996083
0.996086
0.996089
0.996092
0.996095
0.996098
0.996101
0.996105
0.996108
0.996111
0.996114
0.996117
0.99612
0.996123
0.996126
0.99613
0.996133
0.996136
0.996139
0.996142
0.996145
0.996148
0.996151
0.996154
0.996157
0.996161
0.996164
0.996167
0.99617
0.996173
0.996176
0.996179
0.996182
0.996185
0.996188
0.996191
0.996194
0.996197
0.9962
0.996203
0.996207
0.99621
0.996213
0.996216
0.996219
0.996222
0.996225
0.996228
0.996231
0.996234
0.996237
0.99624
0.996243
0.996246
0.996249
0.996252
0.996255
0.996258
0.996261
0.996264
0.996267
0.99627
0.996273
0.996276
0.996279
0.996282
0.996285
0.996288
0.996291
0.996294
0.996297
0.9963
0.996303
0.996306
0.996309
0.996312
0.996315
0.996318
0.996321
0.996324
0.996327
0.99633
0.996332
0.996335
0.996338
0.996341
0.996344
0.996347
0.99635
0.996353
0.996356
0.996359
0.996362
0.996365
0.996368
0.996371
0.996373
0.996376
0.996379
0.996382
0.996385
0.996388
0.996391
0.996394
0.996397
0.9964
0.996403
0.996405
0.996408
0.996411
0.996414
0.996417
0.99642
0.996423
0.996426
0.996428
0.996431
0.996434
0.996437
0.99644
0.996443
0.996446
0.996448
0.996451
0.996454
0.996457
0.99646
0.996463
0.996466
0.996468
0.996471
0.996474
0.996477
0.99648
0.996483
0.996485
0.996488
0.996491
0.996494
0.996497
0.996499
0.996502
0.996505
0.996508
0.996511
0.996514
0.996516
0.996519
0.996522
0.996525
0.996528
0.99653
0.996533
0.996536
0.996539
0.996541
0.996544
0.996547
0.99655
0.996553
0.996555
0.996558
0.996561
0.996564
0.996566
0.996569
0.996572
0.996575
0.996577
0.99658
0.996583
0.996586
0.996588
0.996591
0.996594
0.996597
0.996599
0.996602
0.996605
0.996607
0.99661
0.996613
0.996616
0.996618
0.996621
0.996624
0.996626
0.996629
0.996632
0.996635
0.996637
0.99664
0.996643
0.996645
0.996648
0.996651
0.996653
0.996656
0.996659
0.996662
0.996664
0.996667
0.99667
0.996672
0.996675
0.996678
0.99668
0.996683
0.996686
0.996688
0.996691
0.996694
0.996696
0.996699
0.996702
0.996704
0.996707
0.996709
0.996712
0.996715
0.996717
0.99672
0.996723
0.996725
0.996728
0.996731
0.996733
0.996736
0.996738
0.996741
0.996744
0.996746
0.996749
0.996751
0.996754
0.996757
0.996759
0.996762
0.996765
0.996767
0.99677
0.996772
0.996775
0.996777
0.99678
0.996783
0.996785
0.996788
0.99679
0.996793
0.996796
0.996798
0.996801
0.996803
0.996806
0.996808
0.996811
0.996814
0.996816
0.996819
0.996821
0.996824
0.996826
0.996829
0.996831
0.996834
0.996836
0.996839
0.996842
0.996844
0.996847
0.996849
0.996852
0.996854
0.996857
0.996859
0.996862
0.996864
0.996867
0.996869
0.996872
0.996874
0.996877
0.996879
0.996882
0.996884
0.996887
0.996889
0.996892
0.996894
0.996897
0.996899
0.996902
0.996904
0.996907
0.996909
0.996912
0.996914
0.996917
0.996919
0.996922
0.996924
0.996927
0.996929
0.996932
0.996934
0.996936
0.996939
0.996941
0.996944
0.996946
0.996949
0.996951
0.996954
0.996956
0.996959
0.996961
0.996963
0.996966
0.996968
0.996971
0.996973
0.996976
0.996978
0.99698
0.996983
0.996985
0.996988
0.99699
0.996993
0.996995
0.996997
0.997
0.997002
0.997005
0.997007
0.997009
0.997012
0.997014
0.997017
0.997019
0.997021
0.997024
0.997026
0.997029
0.997031
0.997033
0.997036
0.997038
0.99704
0.997043
0.997045
0.997048
0.99705
0.997052
0.997055
0.997057
0.997059
0.997062
0.997064
0.997066
0.997069
0.997071
0.997073
0.997076
0.997078
0.997081
0.997083
0.997085
0.997088
0.99709
0.997092
0.997095
0.997097
0.997099
0.997102
0.997104
0.997106
0.997109
0.997111
0.997113
0.997115
0.997118
0.99712
0.997122
0.997125
0.997127
0.997129
0.997132
0.997134
0.997136
0.997139
0.997141
0.997143
0.997145
0.997148
0.99715
0.997152
0.997155
0.997157
0.997159
0.997161
0.997164
0.997166
0.997168
0.997171
0.997173
0.997175
0.997177
0.99718
0.997182
0.997184
0.997186
0.997189
0.997191
0.997193
0.997195
0.997198
0.9972
0.997202
0.997204
0.997207
0.997209
0.997211
0.997213
0.997216
0.997218
0.99722
0.997222
0.997225
0.997227
0.997229
0.997231
0.997233
0.997236
0.997238
0.99724
0.997242
0.997244
0.997247
0.997249
0.997251
0.997253
0.997256
0.997258
0.99726
0.997262
0.997264
0.997267
0.997269
0.997271
0.997273
0.997275
0.997277
0.99728
0.997282
0.997284
0.997286
0.997288
0.997291
0.997293
0.997295
0.997297
0.997299
0.997301
0.997304
0.997306
0.997308
0.99731
0.997312
0.997314
0.997316
0.997319
0.997321
0.997323
0.997325
0.997327
0.997329
0.997332
0.997334
0.997336
0.997338
0.99734
0.997342
0.997344
0.997346
0.997349
0.997351
0.997353
0.997355
0.997357
0.997359
0.997361
0.997363
0.997366
0.997368
0.99737
0.997372
0.997374
0.997376
0.997378
0.99738
0.997382
0.997385
0.997387
0.997389
0.997391
0.997393
0.997395
0.997397
0.997399
0.997401
0.997403
0.997405
0.997408
0.99741
0.997412
0.997414
0.997416
0.997418
0.99742
0.997422
0.997424
0.997426
0.997428
0.99743
0.997432
0.997434
0.997436
0.997439
0.997441
0.997443
0.997445
0.997447
0.997449
0.997451
0.997453
0.997455
0.997457
0.997459
0.997461
0.997463
0.997465
0.997467
0.997469
0.997471
0.997473
0.997475
0.997477
0.997479
0.997481
0.997483
0.997485
0.997487
0.997489
0.997491
0.997493
0.997495
0.997497
0.997499
0.997501
0.997503
0.997505
0.997507
0.997509
0.997511
0.997513
0.997515
0.997517
0.997519
0.997521
0.997523
0.997525
0.997527
0.997529
0.997531
0.997533
0.997535
0.997537
0.997539
0.997541
0.997543
0.997545
0.997547
0.997549
0.997551
0.997553
0.997555
0.997557
0.997559
0.997561
0.997563
0.997565
0.997567
0.997569
0.997571
0.997573
0.997575
0.997576
0.997578
0.99758
0.997582
0.997584
0.997586
0.997588
0.99759
0.997592
0.997594
0.997596
0.997598
0.9976
0.997602
0.997604
0.997605
0.997607
0.997609
0.997611
0.997613
0.997615
0.997617
0.997619
0.997621
0.997623
0.997625
0.997626
0.997628
0.99763
0.997632
0.997634
0.997636
0.997638
0.99764
0.997642
0.997644
0.997645
0.997647
0.997649
0.997651
0.997653
0.997655
0.997657
0.997659
0.99766
0.997662
0.997664
0.997666
0.997668
0.99767
0.997672
0.997674
0.997675
0.997677
0.997679
0.997681
0.997683
0.997685
0.997687
0.997688
0.99769
0.997692
0.997694
0.997696
0.997698
0.9977
0.997701
0.997703
0.997705
0.997707
0.997709
0.997711
0.997712
0.997714
0.997716
0.997718
0.99772
0.997722
0.997723
0.997725
0.997727
0.997729
0.997731
0.997733
0.997734
0.997736
0.997738
0.99774
0.997742
0.997743
0.997745
0.997747
0.997749
0.997751
0.997752
0.997754
0.997756
0.997758
0.99776
0.997761
0.997763
0.997765
0.997767
0.997769
0.99777
0.997772
0.997774
0.997776
0.997778
0.997779
0.997781
0.997783
0.997785
0.997786
0.997788
0.99779
0.997792
0.997794
0.997795
0.997797
0.997799
0.997801
0.997802
0.997804
0.997806
0.997808
0.997809
0.997811
0.997813
0.997815
0.997816
0.997818
0.99782
0.997822
0.997823
0.997825
0.997827
0.997829
0.99783
0.997832
0.997834
0.997836
0.997837
0.997839
0.997841
0.997843
0.997844
0.997846
0.997848
0.997849
0.997851
0.997853
0.997855
0.997856
0.997858
0.99786
0.997861
0.997863
0.997865
0.997867
0.997868
0.99787
0.997872
0.997873
0.997875
0.997877
0.997879
0.99788
0.997882
0.997884
0.997885
0.997887
0.997889
0.99789
0.997892
0.997894
0.997895
0.997897
0.997899
0.997901
0.997902
0.997904
0.997906
0.997907
0.997909
0.997911
0.997912
0.997914
0.997916
0.997917
0.997919
0.997921
0.997922
0.997924
0.997926
0.997927
0.997929
0.997931
0.997932
0.997934
0.997936
0.997937
0.997939
0.997941
0.997942
0.997944
0.997945
0.997947
0.997949
0.99795
0.997952
0.997954
0.997955
0.997957
0.997959
0.99796
0.997962
0.997964
0.997965
0.997967
0.997968
0.99797
0.997972
0.997973
0.997975
0.997977
0.997978
0.99798
0.997981
0.997983
0.997985
0.997986
0.997988
0.997989
0.997991
0.997993
0.997994
0.997996
0.997998
0.997999
0.998001
0.998002
0.998004
0.998006
0.998007
0.998009
0.99801
0.998012
0.998014
0.998015
0.998017
0.998018
0.99802
0.998021
0.998023
0.998025
0.998026
0.998028
0.998029
0.998031
0.998033
0.998034
0.998036
0.998037
0.998039
0.99804
0.998042
0.998044
0.998045
0.998047
0.998048
0.99805
0.998051
0.998053
0.998054
0.998056
0.998058
0.998059
0.998061
0.998062
0.998064
0.998065
0.998067
0.998068
0.99807
0.998072
0.998073
0.998075
0.998076
0.998078
0.998079
0.998081
0.998082
0.998084
0.998085
0.998087
0.998088
0.99809
0.998092
0.998093
0.998095
0.998096
0.998098
0.998099
0.998101
0.998102
0.998104
0.998105
0.998107
0.998108
0.99811
0.998111
0.998113
0.998114
0.998116
0.998117
0.998119
0.99812
0.998122
0.998123
0.998125
0.998126
0.998128
0.998129
0.998131
0.998132
0.998134
0.998135
0.998137
0.998138
0.99814
0.998141
0.998143
0.998144
0.998146
0.998147
0.998149
0.99815
0.998152
0.998153
0.998155
0.998156
0.998158
0.998159
0.998161
0.998162
0.998164
0.998165
0.998167
0.998168
0.998169
0.998171
0.998172
0.998174
0.998175
0.998177
0.998178
0.99818
0.998181
0.998183
0.998184
0.998186
0.998187
0.998188
0.99819
0.998191
0.998193
0.998194
0.998196
0.998197
0.998199
0.9982
0.998201
0.998203
0.998204
0.998206
0.998207
0.998209
0.99821
0.998211
0.998213
0.998214
0.998216
0.998217
0.998219
0.99822
0.998221
0.998223
0.998224
0.998226
0.998227
0.998229
0.99823
0.998231
0.998233
0.998234
0.998236
0.998237
0.998239
0.99824
0.998241
0.998243
0.998244
0.998246
0.998247
0.998248
0.99825
0.998251
0.998253
0.998254
0.998255
0.998257
0.998258
0.99826
0.998261
0.998262
0.998264
0.998265
0.998267
0.998268
0.998269
0.998271
0.998272
0.998273
0.998275
0.998276
0.998278
0.998279
0.99828
0.998282
0.998283
0.998284
0.998286
0.998287
0.998289
0.99829
0.998291
0.998293
0.998294
0.998295
0.998297
0.998298
0.9983
0.998301
0.998302
0.998304
0.998305
0.998306
0.998308
0.998309
0.99831
0.998312
0.998313
0.998314
0.998316
0.998317
0.998319
0.99832
0.998321
0.998323
0.998324
0.998325
0.998327
0.998328
0.998329
0.998331
0.998332
0.998333
0.998335
0.998336
0.998337
0.998339
0.99834
0.998341
0.998343
0.998344
0.998345
0.998347
0.998348
0.998349
0.998351
0.998352
0.998353
0.998354
0.998356
0.998357
0.998358
0.99836
0.998361
0.998362
0.998364
0.998365
0.998366
0.998368
0.998369
0.99837
0.998372
0.998373
0.998374
0.998375
0.998377
0.998378
0.998379
0.998381
0.998382
0.998383
0.998385
0.998386
0.998387
0.998388
0.99839
0.998391
0.998392
0.998394
0.998395
0.998396
0.998397
0.998399
0.9984
0.998401
0.998403
0.998404
0.998405
0.998406
0.998408
0.998409
0.99841
0.998411
0.998413
0.998414
0.998415
0.998417
0.998418
0.998419
0.99842
0.998422
0.998423
0.998424
0.998425
0.998427
0.998428
0.998429
0.99843
0.998432
0.998433
0.998434
0.998435
0.998437
0.998438
0.998439
0.99844
0.998442
0.998443
0.998444
0.998445
0.998447
0.998448
0.998449
0.99845
0.998452
0.998453
0.998454
0.998455
0.998457
0.998458
0.998459
0.99846
0.998462
0.998463
0.998464
0.998465
0.998466
0.998468
0.998469
0.99847
0.998471
0.998473
0.998474
0.998475
0.998476
0.998478
0.998479
0.99848
0.998481
0.998482
0.998484
0.998485
0.998486
0.998487
0.998488
0.99849
0.998491
0.998492
0.998493
0.998494
0.998496
0.998497
0.998498
0.998499
0.998501
0.998502
0.998503
0.998504
0.998505
0.998506
0.998508
0.998509
0.99851
0.998511
0.998512
0.998514
0.998515
0.998516
0.998517
0.998518
0.99852
0.998521
0.998522
0.998523
0.998524
0.998526
0.998527
0.998528
0.998529
0.99853
0.998531
0.998533
0.998534
0.998535
0.998536
0.998537
0.998538
0.99854
0.998541
0.998542
0.998543
0.998544
0.998545
0.998547
0.998548
0.998549
0.99855
0.998551
0.998552
0.998554
0.998555
0.998556
0.998557
0.998558
0.998559
0.998561
0.998562
0.998563
0.998564
0.998565
0.998566
0.998567
0.998569
0.99857
0.998571
0.998572
0.998573
0.998574
0.998575
0.998577
0.998578
0.998579
0.99858
0.998581
0.998582
0.998583
0.998585
0.998586
0.998587
0.998588
0.998589
0.99859
0.998591
0.998592
0.998594
0.998595
0.998596
0.998597
0.998598
0.998599
0.9986
0.998601
0.998603
0.998604
0.998605
0.998606
0.998607
0.998608
0.998609
0.99861
0.998611
0.998613
0.998614
0.998615
0.998616
0.998617
0.998618
0.998619
0.99862
0.998621
0.998623
0.998624
0.998625
0.998626
0.998627
0.998628
0.998629
0.99863
0.998631
0.998632
0.998634
0.998635
0.998636
0.998637
0.998638
0.998639
0.99864
0.998641
0.998642
0.998643
0.998644
0.998646
0.998647
0.998648
0.998649
0.99865
0.998651
0.998652
0.998653
0.998654
0.998655
0.998656
0.998657
0.998658
0.99866
0.998661
0.998662
0.998663
0.998664
0.998665
0.998666
0.998667
0.998668
0.998669
0.99867
0.998671
0.998672
0.998673
0.998674
0.998676
0.998677
0.998678
0.998679
0.99868
0.998681
0.998682
0.998683
0.998684
0.998685
0.998686
0.998687
0.998688
0.998689
0.99869
0.998691
0.998692
0.998693
0.998695
0.998696
0.998697
0.998698
0.998699
0.9987
0.998701
0.998702
0.998703
0.998704
0.998705
0.998706
0.998707
0.998708
0.998709
0.99871
0.998711
0.998712
0.998713
0.998714
0.998715
0.998716
0.998717
0.998718
0.998719
0.99872
0.998721
0.998722
0.998723
0.998724
0.998725
0.998727
0.998728
0.998729
0.99873
0.998731
0.998732
0.998733
0.998734
0.998735
0.998736
0.998737
0.998738
0.998739
0.99874
0.998741
0.998742
0.998743
0.998744
0.998745
0.998746
0.998747
0.998748
0.998749
0.99875
0.998751
0.998752
0.998753
0.998754
0.998755
0.998756
0.998757
0.998758
0.998759
0.99876
0.998761
0.998762
0.998763
0.998764
0.998765
0.998766
0.998767
0.998768
0.998769
0.99877
0.998771
0.998772
0.998773
0.998774
0.998775
0.998775
0.998776
0.998777
0.998778
0.998779
0.99878
0.998781
0.998782
0.998783
0.998784
0.998785
0.998786
0.998787
0.998788
0.998789
0.99879
0.998791
0.998792
0.998793
0.998794
0.998795
0.998796
0.998797
0.998798
0.998799
0.9988
0.998801
0.998802
0.998803
0.998804
0.998805
0.998806
0.998806
0.998807
0.998808
0.998809
0.99881
0.998811
0.998812
0.998813
0.998814
0.998815
0.998816
0.998817
0.998818
0.998819
0.99882
0.998821
0.998822
0.998823
0.998824
0.998824
0.998825
0.998826
0.998827
0.998828
0.998829
0.99883
0.998831
0.998832
0.998833
0.998834
0.998835
0.998836
0.998837
0.998838
0.998839
0.998839
0.99884
0.998841
0.998842
0.998843
0.998844
0.998845
0.998846
0.998847
0.998848
0.998849
0.99885
0.998851
0.998851
0.998852
0.998853
0.998854
0.998855
0.998856
0.998857
0.998858
0.998859
0.99886
0.998861
0.998862
0.998862
0.998863
0.998864
0.998865
0.998866
0.998867
0.998868
0.998869
0.99887
0.998871
0.998872
0.998872
0.998873
0.998874
0.998875
0.998876
0.998877
0.998878
0.998879
0.99888
0.998881
0.998881
0.998882
0.998883
0.998884
0.998885
0.998886
0.998887
0.998888
0.998889
0.998889
0.99889
0.998891
0.998892
0.998893
0.998894
0.998895
0.998896
0.998897
0.998897
0.998898
0.998899
0.9989
0.998901
0.998902
0.998903
0.998904
0.998904
0.998905
0.998906
0.998907
0.998908
0.998909
0.99891
0.998911
0.998911
0.998912
0.998913
0.998914
0.998915
0.998916
0.998917
0.998918
0.998918
0.998919
0.99892
0.998921
0.998922
0.998923
0.998924
0.998924
0.998925
0.998926
0.998927
0.998928
0.998929
0.99893
0.99893
0.998931
0.998932
0.998933
0.998934
0.998935
0.998936
0.998936
0.998937
0.998938
0.998939
0.99894
0.998941
0.998942
0.998942
0.998943
0.998944
0.998945
0.998946
0.998947
0.998947
0.998948
0.998949
0.99895
0.998951
0.998952
0.998952
0.998953
0.998954
0.998955
0.998956
0.998957
0.998957
0.998958
0.998959
0.99896
0.998961
0.998962
0.998962
0.998963
0.998964
0.998965
0.998966
0.998967
0.998967
0.998968
0.998969
0.99897
0.998971
0.998972
0.998972
0.998973
0.998974
0.998975
0.998976
0.998977
0.998977
0.998978
0.998979
0.99898
0.998981
0.998981
0.998982
0.998983
0.998984
0.998985
0.998985
0.998986
0.998987
0.998988
0.998989
0.99899
0.99899
0.998991
0.998992
0.998993
0.998994
0.998994
0.998995
0.998996
0.998997
0.998998
0.998998
0.998999
0.999
0.999001
0.999002
0.999002
0.999003
0.999004
0.999005
0.999006
0.999006
0.999007
0.999008
0.999009
0.99901
0.99901
0.999011
0.999012
0.999013
0.999013
0.999014
0.999015
0.999016
0.999017
0.999017
0.999018
0.999019
0.99902
0.999021
0.999021
0.999022
0.999023
0.999024
0.999024
0.999025
0.999026
0.999027
0.999028
0.999028
0.999029
0.99903
0.999031
0.999031
0.999032
0.999033
0.999034
0.999035
0.999035
0.999036
0.999037
0.999038
0.999038
0.999039
0.99904
0.999041
0.999042
0.999042
0.999043
0.999044
0.999045
0.999045
0.999046
0.999047
0.999048
0.999048
0.999049
0.99905
0.999051
0.999051
0.999052
0.999053
0.999054
0.999054
0.999055
0.999056
0.999057
0.999057
0.999058
0.999059
0.99906
0.99906
0.999061
0.999062
0.999063
0.999063
0.999064
0.999065
0.999066
0.999066
0.999067
0.999068
0.999069
0.999069
0.99907
0.999071
0.999072
0.999072
0.999073
0.999074
0.999075
0.999075
0.999076
0.999077
0.999078
0.999078
0.999079
0.99908
0.999081
0.999081
0.999082
0.999083
0.999084
0.999084
0.999085
0.999086
0.999086
0.999087
0.999088
0.999089
0.999089
0.99909
0.999091
0.999092
0.999092
0.999093
0.999094
0.999094
0.999095
0.999096
0.999097
0.999097
0.999098
0.999099
0.9991
0.9991
0.999101
0.999102
0.999102
0.999103
0.999104
0.999105
0.999105
0.999106
0.999107
0.999107
0.999108
0.999109
0.99911
0.99911
0.999111
0.999112
0.999112
0.999113
0.999114
0.999115
0.999115
0.999116
0.999117
0.999117
0.999118
0.999119
0.999119
0.99912
0.999121
0.999122
0.999122
0.999123
0.999124
0.999124
0.999125
0.999126
0.999126
0.999127
0.999128
0.999129
0.999129
0.99913
0.999131
0.999131
0.999132
0.999133
0.999133
0.999134
0.999135
0.999136
0.999136
0.999137
0.999138
0.999138
0.999139
0.99914
0.99914
0.999141
0.999142
0.999142
0.999143
0.999144
0.999144
0.999145
0.999146
0.999147
0.999147
0.999148
0.999149
0.999149
0.99915
0.999151
0.999151
0.999152
0.999153
0.999153
0.999154
0.999155
0.999155
0.999156
0.999157
0.999157
0.999158
0.999159
0.999159
0.99916
0.999161
0.999161
0.999162
0.999163
0.999163
0.999164
0.999165
0.999165
0.999166
0.999167
0.999167
0.999168
0.999169
0.999169
0.99917
0.999171
0.999171
0.999172
0.999173
0.999173
0.999174
0.999175
0.999175
0.999176
0.999177
0.999177
0.999178
0.999179
0.999179
0.99918
0.999181
0.999181
0.999182
0.999183
0.999183
0.999184
0.999185
0.999185
0.999186
0.999187
0.999187
0.999188
0.999188
0.999189
0.99919
0.99919
0.999191
0.999192
0.999192
0.999193
0.999194
0.999194
0.999195
0.999196
0.999196
0.999197
0.999198
0.999198
0.999199
0.999199
0.9992
0.999201
0.999201
0.999202
0.999203
0.999203
0.999204
0.999205
0.999205
0.999206
0.999206
0.999207
0.999208
0.999208
0.999209
0.99921
0.99921
0.999211
0.999212
0.999212
0.999213
0.999213
0.999214
0.999215
0.999215
0.999216
0.999217
0.999217
0.999218
0.999218
0.999219
0.99922
0.99922
0.999221
0.999222
0.999222
0.999223
0.999223
0.999224
0.999225
0.999225
0.999226
0.999227
0.999227
0.999228
0.999228
0.999229
0.99923
0.99923
0.999231
0.999231
0.999232
0.999233
0.999233
0.999234
0.999235
0.999235
0.999236
0.999236
0.999237
0.999238
0.999238
0.999239
0.999239
0.99924
0.999241
0.999241
0.999242
0.999242
0.999243
0.999244
0.999244
0.999245
0.999245
0.999246
0.999247
0.999247
0.999248
0.999248
0.999249
0.99925
0.99925
0.999251
0.999251
0.999252
0.999253
0.999253
0.999254
0.999254
0.999255
0.999256
0.999256
0.999257
0.999257
0.999258
0.999259
0.999259
0.99926
0.99926
0.999261
0.999262
0.999262
0.999263
0.999263
0.999264
0.999265
0.999265
0.999266
0.999266
0.999267
0.999267
0.999268
0.999269
0.999269
0.99927
0.99927
0.999271
0.999272
0.999272
0.999273
0.999273
0.999274
0.999274
0.999275
0.999276
0.999276
0.999277
0.999277
0.999278
0.999279
0.999279
0.99928
0.99928
0.999281
0.999281
0.999282
0.999283
0.999283
0.999284
0.999284
0.999285
0.999285
0.999286
0.999287
0.999287
0.999288
0.999288
0.999289
0.999289
0.99929
0.999291
0.999291
0.999292
0.999292
0.999293
0.999293
0.999294
0.999294
0.999295
0.999296
0.999296
0.999297
0.999297
0.999298
0.999298
0.999299
0.9993
0.9993
0.999301
0.999301
0.999302
0.999302
0.999303
0.999303
0.999304
0.999305
0.999305
0.999306
0.999306
0.999307
0.999307
0.999308
0.999308
0.999309
0.99931
0.99931
0.999311
0.999311
0.999312
0.999312
0.999313
0.999313
0.999314
0.999315
0.999315
0.999316
0.999316
0.999317
0.999317
0.999318
0.999318
0.999319
0.999319
0.99932
0.999321
0.999321
0.999322
0.999322
0.999323
0.999323
0.999324
0.999324
0.999325
0.999325
0.999326
0.999326
0.999327
0.999328
0.999328
0.999329
0.999329
0.99933
0.99933
0.999331
0.999331
0.999332
0.999332
0.999333
0.999333
0.999334
0.999335
0.999335
0.999336
0.999336
0.999337
0.999337
0.999338
0.999338
0.999339
0.999339
0.99934
0.99934
0.999341
0.999341
0.999342
0.999342
0.999343
0.999343
0.999344
0.999345
0.999345
0.999346
0.999346
0.999347
0.999347
0.999348
0.999348
0.999349
0.999349
0.99935
0.99935
0.999351
0.999351
0.999352
0.999352
0.999353
0.999353
0.999354
0.999354
0.999355
0.999355
0.999356
0.999356
0.999357
0.999358
0.999358
0.999359
0.999359
0.99936
0.99936
0.999361
0.999361
0.999362
0.999362
0.999363
0.999363
0.999364
0.999364
0.999365
0.999365
0.999366
0.999366
0.999367
0.999367
0.999368
0.999368
0.999369
0.999369
0.99937
0.99937
0.999371
0.999371
0.999372
0.999372
0.999373
0.999373
0.999374
0.999374
0.999375
0.999375
0.999376
0.999376
0.999377
0.999377
0.999378
0.999378
0.999379
0.999379
0.99938
0.99938
0.999381
0.999381
0.999382
0.999382
0.999383
0.999383
0.999384
0.999384
0.999385
0.999385
0.999386
0.999386
0.999387
0.999387
0.999388
0.999388
0.999389
0.999389
0.99939
0.99939
0.999391
0.999391
0.999392
0.999392
0.999393
0.999393
0.999393
0.999394
0.999394
0.999395
0.999395
0.999396
0.999396
0.999397
0.999397
0.999398
0.999398
0.999399
0.999399
0.9994
0.9994
0.999401
0.999401
0.999402
0.999402
0.999403
0.999403
0.999404
0.999404
0.999405
0.999405
0.999405
0.999406
0.999406
0.999407
0.999407
0.999408
0.999408
0.999409
0.999409
0.99941
0.99941
0.999411
0.999411
0.999412
0.999412
0.999413
0.999413
0.999414
0.999414
0.999414
0.999415
0.999415
0.999416
0.999416
0.999417
0.999417
0.999418
0.999418
0.999419
0.999419
0.99942
0.99942
0.999421
0.999421
0.999421
0.999422
0.999422
0.999423
0.999423
0.999424
0.999424
0.999425
0.999425
0.999426
0.999426
0.999427
0.999427
0.999427
0.999428
0.999428
0.999429
0.999429
0.99943
0.99943
0.999431
0.999431
0.999432
0.999432
0.999432
0.999433
0.999433
0.999434
0.999434
0.999435
0.999435
0.999436
0.999436
0.999437
0.999437
0.999437
0.999438
0.999438
0.999439
0.999439
0.99944
0.99944
0.999441
0.999441
0.999441
0.999442
0.999442
0.999443
0.999443
0.999444
0.999444
0.999445
0.999445
0.999445
0.999446
0.999446
0.999447
0.999447
0.999448
0.999448
0.999449
0.999449
0.999449
0.99945
0.99945
0.999451
0.999451
0.999452
0.999452
0.999452
0.999453
0.999453
0.999454
0.999454
0.999455
0.999455
0.999456
0.999456
0.999456
0.999457
0.999457
0.999458
0.999458
0.999459
0.999459
0.999459
0.99946
0.99946
0.999461
0.999461
0.999462
0.999462
0.999462
0.999463
0.999463
0.999464
0.999464
0.999465
0.999465
0.999465
0.999466
0.999466
0.999467
0.999467
0.999468
0.999468
0.999468
0.999469
0.999469
0.99947
0.99947
0.999471
0.999471
0.999471
0.999472
0.999472
0.999473
0.999473
0.999474
0.999474
0.999474
0.999475
0.999475
0.999476
0.999476
0.999476
0.999477
0.999477
0.999478
0.999478
0.999479
0.999479
0.999479
0.99948
0.99948
0.999481
0.999481
0.999481
0.999482
0.999482
0.999483
0.999483
0.999484
0.999484
0.999484
0.999485
0.999485
0.999486
0.999486
0.999486
0.999487
0.999487
0.999488
0.999488
0.999488
0.999489
0.999489
0.99949
0.99949
0.999491
0.999491
0.999491
0.999492
0.999492
0.999493
0.999493
0.999493
0.999494
0.999494
0.999495
0.999495
0.999495
0.999496
0.999496
0.999497
0.999497
0.999497
0.999498
0.999498
0.999499
0.999499
0.999499
0.9995
0.9995
0.999501
0.999501
0.999501
0.999502
0.999502
0.999503
0.999503
0.999503
0.999504
0.999504
0.999505
0.999505
0.999505
0.999506
0.999506
0.999507
0.999507
0.999507
0.999508
0.999508
0.999509
0.999509
0.999509
0.99951
0.99951
0.99951
0.999511
0.999511
0.999512
0.999512
0.999512
0.999513
0.999513
0.999514
0.999514
0.999514
0.999515
0.999515
0.999516
0.999516
0.999516
0.999517
0.999517
0.999517
0.999518
0.999518
0.999519
0.999519
0.999519
0.99952
0.99952
0.999521
0.999521
0.999521
0.999522
0.999522
0.999522
0.999523
0.999523
0.999524
0.999524
0.999524
0.999525
0.999525
0.999526
0.999526
0.999526
0.999527
0.999527
0.999527
0.999528
0.999528
0.999529
0.999529
0.999529
0.99953
0.99953
0.99953
0.999531
0.999531
0.999532
0.999532
0.999532
0.999533
0.999533
0.999533
0.999534
0.999534
0.999535
0.999535
0.999535
0.999536
0.999536
0.999536
0.999537
0.999537
0.999538
0.999538
0.999538
0.999539
0.999539
0.999539
0.99954
0.99954
0.99954
0.999541
0.999541
0.999542
0.999542
0.999542
0.999543
0.999543
0.999543
0.999544
0.999544
0.999544
0.999545
0.999545
0.999546
0.999546
0.999546
0.999547
0.999547
0.999547
0.999548
0.999548
0.999548
0.999549
0.999549
0.99955
0.99955
0.99955
0.999551
0.999551
0.999551
0.999552
0.999552
0.999552
0.999553
0.999553
0.999553
0.999554
0.999554
0.999555
0.999555
0.999555
0.999556
0.999556
0.999556
0.999557
0.999557
0.999557
0.999558
0.999558
0.999558
0.999559
0.999559
0.99956
0.99956
0.99956
0.999561
0.999561
0.999561
0.999562
0.999562
0.999562
0.999563
0.999563
0.999563
0.999564
0.999564
0.999564
0.999565
0.999565
0.999565
0.999566
0.999566
0.999567
0.999567
0.999567
0.999568
0.999568
0.999568
0.999569
0.999569
0.999569
0.99957
0.99957
0.99957
0.999571
0.999571
0.999571
0.999572
0.999572
0.999572
0.999573
0.999573
0.999573
0.999574
0.999574
0.999574
0.999575
0.999575
0.999575
0.999576
0.999576
0.999576
0.999577
0.999577
0.999577
0.999578
0.999578
0.999578
0.999579
0.999579
0.999579
0.99958
0.99958
0.99958
0.999581
0.999581
0.999581
0.999582
0.999582
0.999582
0.999583
0.999583
0.999583
0.999584
0.999584
0.999584
0.999585
0.999585
0.999585
0.999586
0.999586
0.999586
0.999587
0.999587
0.999587
0.999588
0.999588
0.999588
0.999589
0.999589
0.999589
0.99959
0.99959
0.99959
0.999591
0.999591
0.999591
0.999592
0.999592
0.999592
0.999593
0.999593
0.999593
0.999594
0.999594
0.999594
0.999595
0.999595
0.999595
0.999596
0.999596
0.999596
0.999597
0.999597
0.999597
0.999598
0.999598
0.999598
0.999599
0.999599
0.999599
0.9996
0.9996
0.9996
0.9996
0.999601
0.999601
0.999601
0.999602
0.999602
0.999602
0.999603
0.999603
0.999603
0.999604
0.999604
0.999604
0.999605
0.999605
0.999605
0.999606
0.999606
0.999606
0.999606
0.999607
0.999607
0.999607
0.999608
0.999608
0.999608
0.999609
0.999609
0.999609
0.99961
0.99961
0.99961
0.999611
0.999611
0.999611
0.999611
0.999612
0.999612
0.999612
0.999613
0.999613
0.999613
0.999614
0.999614
0.999614
0.999615
0.999615
0.999615
0.999616
0.999616
0.999616
0.999616
0.999617
0.999617
0.999617
0.999618
0.999618
0.999618
0.999619
0.999619
0.999619
0.999619
0.99962
0.99962
0.99962
0.999621
0.999621
0.999621
0.999622
0.999622
0.999622
0.999623
0.999623
0.999623
0.999623
0.999624
0.999624
0.999624
0.999625
0.999625
0.999625
0.999626
0.999626
0.999626
0.999626
0.999627
0.999627
0.999627
0.999628
0.999628
0.999628
0.999628
0.999629
0.999629
0.999629
0.99963
0.99963
0.99963
0.999631
0.999631
0.999631
0.999631
0.999632
0.999632
0.999632
0.999633
0.999633
0.999633
0.999634
0.999634
0.999634
0.999634
0.999635
0.999635
0.999635
0.999636
0.999636
0.999636
0.999636
0.999637
0.999637
0.999637
0.999638
0.999638
0.999638
0.999638
0.999639
0.999639
0.999639
0.99964
0.99964
0.99964
0.99964
0.999641
0.999641
0.999641
0.999642
0.999642
0.999642
0.999642
0.999643
0.999643
0.999643
0.999644
0.999644
0.999644
0.999644
0.999645
0.999645
0.999645
0.999646
0.999646
0.999646
0.999646
0.999647
0.999647
0.999647
0.999648
0.999648
0.999648
0.999648
0.999649
0.999649
0.999649
0.99965
0.99965
0.99965
0.99965
0.999651
0.999651
0.999651
0.999652
0.999652
0.999652
0.999652
0.999653
0.999653
0.999653
0.999653
0.999654
0.999654
0.999654
0.999655
0.999655
0.999655
0.999655
0.999656
0.999656
0.999656
0.999656
0.999657
0.999657
0.999657
0.999658
0.999658
0.999658
0.999658
0.999659
0.999659
0.999659
0.99966
0.99966
0.99966
0.99966
0.999661
0.999661
0.999661
0.999661
0.999662
0.999662
0.999662
0.999662
0.999663
0.999663
0.999663
0.999664
0.999664
0.999664
0.999664
0.999665
0.999665
0.999665
0.999665
0.999666
0.999666
0.999666
0.999667
0.999667
0.999667
0.999667
0.999668
0.999668
0.999668
0.999668
0.999669
0.999669
0.999669
0.999669
0.99967
0.99967
0.99967
0.99967
0.999671
0.999671
0.999671
0.999672
0.999672
0.999672
0.999672
0.999673
0.999673
0.999673
0.999673
0.999674
0.999674
0.999674
0.999674
0.999675
0.999675
0.999675
0.999675
0.999676
0.999676
0.999676
0.999676
0.999677
0.999677
0.999677
0.999678
0.999678
0.999678
0.999678
0.999679
0.999679
0.999679
0.999679
0.99968
0.99968
0.99968
0.99968
0.999681
0.999681
0.999681
0.999681
0.999682
0.999682
0.999682
0.999682
0.999683
0.999683
0.999683
0.999683
0.999684
0.999684
0.999684
0.999684
0.999685
0.999685
0.999685
0.999685
0.999686
0.999686
0.999686
0.999686
0.999687
0.999687
0.999687
0.999687
0.999688
0.999688
0.999688
0.999688
0.999689
0.999689
0.999689
0.999689
0.99969
0.99969
0.99969
0.99969
0.999691
0.999691
0.999691
0.999691
0.999692
0.999692
0.999692
0.999692
0.999693
0.999693
0.999693
0.999693
0.999694
0.999694
0.999694
0.999694
0.999695
0.999695
0.999695
0.999695
0.999696
0.999696
0.999696
0.999696
0.999697
0.999697
0.999697
0.999697
0.999697
0.999698
0.999698
0.999698
0.999698
0.999699
0.999699
0.999699
0.999699
0.9997
0.9997
0.9997
0.9997
0.999701
0.999701
0.999701
0.999701
0.999702
0.999702
0.999702
0.999702
0.999703
0.999703
0.999703
0.999703
0.999703
0.999704
0.999704
0.999704
0.999704
0.999705
0.999705
0.999705
0.999705
0.999706
0.999706
0.999706
0.999706
0.999707
0.999707
0.999707
0.999707
0.999707
0.999708
0.999708
0.999708
0.999708
0.999709
0.999709
0.999709
0.999709
0.99971
0.99971
0.99971
0.99971
0.999711
0.999711
0.999711
0.999711
0.999711
0.999712
0.999712
0.999712
0.999712
0.999713
0.999713
0.999713
0.999713
0.999714
0.999714
0.999714
0.999714
0.999714
0.999715
0.999715
0.999715
0.999715
0.999716
0.999716
0.999716
0.999716
0.999716
0.999717
0.999717
0.999717
0.999717
0.999718
0.999718
0.999718
0.999718
0.999718
0.999719
0.999719
0.999719
0.999719
0.99972
0.99972
0.99972
0.99972
0.999721
0.999721
0.999721
0.999721
0.999721
0.999722
0.999722
0.999722
0.999722
0.999723
0.999723
0.999723
0.999723
0.999723
0.999724
0.999724
0.999724
0.999724
0.999725
0.999725
0.999725
0.999725
0.999725
0.999726
0.999726
0.999726
0.999726
0.999726
0.999727
0.999727
0.999727
0.999727
0.999728
0.999728
0.999728
0.999728
0.999728
0.999729
0.999729
0.999729
0.999729
0.99973
0.99973
0.99973
0.99973
0.99973
0.999731
0.999731
0.999731
0.999731
0.999731
0.999732
0.999732
0.999732
0.999732
0.999733
0.999733
0.999733
0.999733
0.999733
0.999734
0.999734
0.999734
0.999734
0.999734
0.999735
0.999735
0.999735
0.999735
0.999736
0.999736
0.999736
0.999736
0.999736
0.999737
0.999737
0.999737
0.999737
0.999737
0.999738
0.999738
0.999738
0.999738
0.999738
0.999739
0.999739
0.999739
0.999739
0.999739
0.99974
0.99974
0.99974
0.99974
0.999741
0.999741
0.999741
0.999741
0.999741
0.999742
0.999742
0.999742
0.999742
0.999742
0.999743
0.999743
0.999743
0.999743
0.999743
0.999744
0.999744
0.999744
0.999744
0.999744
0.999745
0.999745
0.999745
0.999745
0.999745
0.999746
0.999746
0.999746
0.999746
0.999746
0.999747
0.999747
0.999747
0.999747
0.999747
0.999748
0.999748
0.999748
0.999748
0.999749
0.999749
0.999749
0.999749
0.999749
0.99975
0.99975
0.99975
0.99975
0.99975
0.999751
0.999751
0.999751
0.999751
0.999751
0.999752
0.999752
0.999752
0.999752
0.999752
0.999752
0.999753
0.999753
0.999753
0.999753
0.999753
0.999754
0.999754
0.999754
0.999754
0.999754
0.999755
0.999755
0.999755
0.999755
0.999755
0.999756
0.999756
0.999756
0.999756
0.999756
0.999757
0.999757
0.999757
0.999757
0.999757
0.999758
0.999758
0.999758
0.999758
0.999758
0.999759
0.999759
0.999759
0.999759
0.999759
0.99976
0.99976
0.99976
0.99976
0.99976
0.99976
0.999761
0.999761
0.999761
0.999761
0.999761
0.999762
0.999762
0.999762
0.999762
0.999762
0.999763
0.999763
0.999763
0.999763
0.999763
0.999764
0.999764
0.999764
0.999764
0.999764
0.999764
0.999765
0.999765
0.999765
0.999765
0.999765
0.999766
0.999766
0.999766
0.999766
0.999766
0.999767
0.999767
0.999767
0.999767
0.999767
0.999767
0.999768
0.999768
0.999768
0.999768
0.999768
0.999769
0.999769
0.999769
0.999769
0.999769
0.999769
0.99977
0.99977
0.99977
0.99977
0.99977
0.999771
0.999771
0.999771
0.999771
0.999771
0.999772
0.999772
0.999772
0.999772
0.999772
0.999772
0.999773
0.999773
0.999773
0.999773
0.999773
0.999774
0.999774
0.999774
0.999774
0.999774
0.999774
0.999775
0.999775
0.999775
0.999775
0.999775
0.999775
0.999776
0.999776
0.999776
0.999776
0.999776
0.999777
0.999777
0.999777
0.999777
0.999777
0.999777
0.999778
0.999778
0.999778
0.999778
0.999778
0.999779
0.999779
0.999779
0.999779
0.999779
0.999779
0.99978
0.99978
0.99978
0.99978
0.99978
0.99978
0.999781
0.999781
0.999781
0.999781
0.999781
0.999782
0.999782
0.999782
0.999782
0.999782
0.999782
0.999783
0.999783
0.999783
0.999783
0.999783
0.999783
0.999784
0.999784
0.999784
0.999784
0.999784
0.999784
0.999785
0.999785
0.999785
0.999785
0.999785
0.999785
0.999786
0.999786
0.999786
0.999786
0.999786
0.999787
0.999787
0.999787
0.999787
0.999787
0.999787
0.999788
0.999788
0.999788
0.999788
0.999788
0.999788
0.999789
0.999789
0.999789
0.999789
0.999789
0.999789
0.99979
0.99979
0.99979
0.99979
0.99979
0.99979
0.999791
0.999791
0.999791
0.999791
0.999791
0.999791
0.999792
0.999792
0.999792
0.999792
0.999792
0.999792
0.999793
0.999793
0.999793
0.999793
0.999793
0.999793
0.999794
0.999794
0.999794
0.999794
0.999794
0.999794
0.999795
0.999795
0.999795
0.999795
0.999795
0.999795
0.999796
0.999796
0.999796
0.999796
0.999796
0.999796
0.999797
0.999797
0.999797
0.999797
0.999797
0.999797
0.999797
0.999798
0.999798
0.999798
0.999798
0.999798
0.999798
0.999799
0.999799
0.999799
0.999799
0.999799
0.999799
0.9998
0.9998
0.9998
0.9998
0.9998
0.9998
0.999801
0.999801
0.999801
0.999801
0.999801
0.999801
0.999801
0.999802
0.999802
0.999802
0.999802
0.999802
0.999802
0.999803
0.999803
0.999803
0.999803
0.999803
0.999803
0.999804
0.999804
0.999804
0.999804
0.999804
0.999804
0.999804
0.999805
0.999805
0.999805
0.999805
0.999805
0.999805
0.999806
0.999806
0.999806
0.999806
0.999806
0.999806
0.999807
0.999807
0.999807
0.999807
0.999807
0.999807
0.999807
0.999808
0.999808
0.999808
0.999808
0.999808
0.999808
0.999809
0.999809
0.999809
0.999809
0.999809
0.999809
0.999809
0.99981
0.99981
0.99981
0.99981
0.99981
0.99981
0.99981
0.999811
0.999811
0.999811
0.999811
0.999811
0.999811
0.999812
0.999812
0.999812
0.999812
0.999812
0.999812
0.999812
0.999813
0.999813
0.999813
0.999813
0.999813
0.999813
0.999813
0.999814
0.999814
0.999814
0.999814
0.999814
0.999814
0.999815
0.999815
0.999815
0.999815
0.999815
0.999815
0.999815
0.999816
0.999816
0.999816
0.999816
0.999816
0.999816
0.999816
0.999817
0.999817
0.999817
0.999817
0.999817
0.999817
0.999817
0.999818
0.999818
0.999818
0.999818
0.999818
0.999818
0.999818
0.999819
0.999819
0.999819
0.999819
0.999819
0.999819
0.99982
0.99982
0.99982
0.99982
0.99982
0.99982
0.99982
0.999821
0.999821
0.999821
0.999821
0.999821
0.999821
0.999821
0.999822
0.999822
0.999822
0.999822
0.999822
0.999822
0.999822
0.999823
0.999823
0.999823
0.999823
0.999823
0.999823
0.999823
0.999823
0.999824
0.999824
0.999824
0.999824
0.999824
0.999824
0.999824
0.999825
0.999825
0.999825
0.999825
0.999825
0.999825
0.999825
0.999826
0.999826
0.999826
0.999826
0.999826
0.999826
0.999826
0.999827
0.999827
0.999827
0.999827
0.999827
0.999827
0.999827
0.999828
0.999828
0.999828
0.999828
0.999828
0.999828
0.999828
0.999829
0.999829
0.999829
0.999829
0.999829
0.999829
0.999829
0.999829
0.99983
0.99983
0.99983
0.99983
0.99983
0.99983
0.99983
0.999831
0.999831
0.999831
0.999831
0.999831
0.999831
0.999831
0.999831
0.999832
0.999832
0.999832
0.999832
0.999832
0.999832
0.999832
0.999833
0.999833
0.999833
0.999833
0.999833
0.999833
0.999833
0.999834
0.999834
0.999834
0.999834
0.999834
0.999834
0.999834
0.999834
0.999835
0.999835
0.999835
0.999835
0.999835
0.999835
0.999835
0.999835
0.999836
0.999836
0.999836
0.999836
0.999836
0.999836
0.999836
0.999837
0.999837
0.999837
0.999837
0.999837
0.999837
0.999837
0.999837
0.999838
0.999838
0.999838
0.999838
0.999838
0.999838
0.999838
0.999838
0.999839
0.999839
0.999839
0.999839
0.999839
0.999839
0.999839
0.99984
0.99984
0.99984
0.99984
0.99984
0.99984
0.99984
0.99984
0.999841
0.999841
0.999841
0.999841
0.999841
0.999841
0.999841
0.999841
0.999842
0.999842
0.999842
0.999842
0.999842
0.999842
0.999842
0.999842
0.999843
0.999843
0.999843
0.999843
0.999843
0.999843
0.999843
0.999843
0.999844
0.999844
0.999844
0.999844
0.999844
0.999844
0.999844
0.999844
0.999845
0.999845
0.999845
0.999845
0.999845
0.999845
0.999845
0.999845
0.999846
0.999846
0.999846
0.999846
0.999846
0.999846
0.999846
0.999846
0.999847
0.999847
0.999847
0.999847
0.999847
0.999847
0.999847
0.999847
0.999848
0.999848
0.999848
0.999848
0.999848
0.999848
0.999848
0.999848
0.999848
0.999849
0.999849
0.999849
0.999849
0.999849
0.999849
0.999849
0.999849
0.99985
0.99985
0.99985
0.99985
0.99985
0.99985
0.99985
0.99985
0.999851
0.999851
0.999851
0.999851
0.999851
0.999851
0.999851
0.999851
0.999851
0.999852
0.999852
0.999852
0.999852
0.999852
0.999852
0.999852
0.999852
0.999853
0.999853
0.999853
0.999853
0.999853
0.999853
0.999853
0.999853
0.999853
0.999854
0.999854
0.999854
0.999854
0.999854
0.999854
0.999854
0.999854
0.999855
0.999855
0.999855
0.999855
0.999855
0.999855
0.999855
0.999855
0.999855
0.999856
0.999856
0.999856
0.999856
0.999856
0.999856
0.999856
0.999856
0.999857
0.999857
0.999857
0.999857
0.999857
0.999857
0.999857
0.999857
0.999857
0.999858
0.999858
0.999858
0.999858
0.999858
0.999858
0.999858
0.999858
0.999858
0.999859
0.999859
0.999859
0.999859
0.999859
0.999859
0.999859
0.999859
0.999859
0.99986
0.99986
0.99986
0.99986
0.99986
0.99986
0.99986
0.99986
0.99986
0.999861
0.999861
0.999861
0.999861
0.999861
0.999861
0.999861
0.999861
0.999861
0.999862
0.999862
0.999862
0.999862
0.999862
0.999862
0.999862
0.999862
0.999862
0.999863
0.999863
0.999863
0.999863
0.999863
0.999863
0.999863
0.999863
0.999863
0.999864
0.999864
0.999864
0.999864
0.999864
0.999864
0.999864
0.999864
0.999864
0.999865
0.999865
0.999865
0.999865
0.999865
0.999865
0.999865
0.999865
0.999865
0.999865
0.999866
0.999866
0.999866
0.999866
0.999866
0.999866
0.999866
0.999866
0.999866
0.999867
0.999867
0.999867
0.999867
0.999867
0.999867
0.999867
0.999867
0.999867
0.999868
0.999868
0.999868
0.999868
0.999868
0.999868
0.999868
0.999868
0.999868
0.999868
0.999869
0.999869
0.999869
0.999869
0.999869
0.999869
0.999869
0.999869
0.999869
0.99987
0.99987
0.99987
