6
5.87685
5.75609
5.63767
5.52155
5.40768
5.29601
5.18649
5.07909
4.97375
4.87044
4.76911
4.66972
4.57224
4.47661
4.38281
4.29079
4.20052
4.11196
4.02508
3.93984
3.8562
3.77414
3.69361
3.61459
3.53705
3.46095
3.38627
3.31297
3.24103
3.17041
3.10109
3.03304
2.96624
2.90066
2.83626
2.77304
2.71096
2.65
2.59013
2.53134
2.47359
2.41688
2.36117
2.30645
2.2527
2.19989
2.14801
2.09704
2.04696
1.99775
1.9494
1.90189
1.8552
1.80932
1.76423
1.71992
1.67638
1.63358
1.59153
1.5502
1.50959
1.46968
1.43047
1.39194
1.35408
1.31689
1.28036
1.24448
1.20925
1.17465
1.14068
1.10735
1.07463
1.04254
1.01106
0.980188
0.949929
0.920277
0.891231
0.862787
0.834946
0.807706
0.781065
0.755022
0.729576
0.704726
0.68047
0.656806
0.633733
0.611248
0.589348
0.56803
0.54729
0.527125
0.507528
0.488496
0.470021
0.452097
0.434718
0.417875
