1.2
0.82
0.79755
0.80668
0.794884
0.797238
0.790264
0.789469
0.784646
0.782442
0.778555
0.775743
0.77225
0.769185
0.765853
0.762685
0.759416
0.756208
0.752963
0.74974
0.746503
0.743274
0.740041
0.736809
0.733576
0.730344
0.727111
0.723878
0.720645
0.717411
0.714178
0.710944
0.70771
0.704476
0.701242
0.698007
0.694773
0.691539
0.688304
0.685069
0.681835
0.6786
0.675365
0.67213
0.668895
0.66566
0.662425
0.65919
0.655955
0.65272
0.649486
0.646251
0.643016
0.639781
0.636546
0.633312
0.630077
0.626843
0.623609
0.620375
0.617141
0.613907
0.610673
0.60744
0.604207
0.600974
0.597741
0.594509
0.591276
0.588045
0.584813
0.581582
0.578351
0.57512
0.57189
0.56866
0.565431
0.562202
0.558973
0.555745
0.552518
0.54929
0.546064
0.542838
0.539612
0.536388
0.533163
0.52994
0.526717
0.523494
0.520273
0.517052
0.513832
0.510612
0.507394
0.504176
0.500959
0.497743
0.494528
0.491314
0.4881
0.484888
0.481677
0.478467
0.475258
0.47205
0.468843
0.465637
0.462433
0.459229
0.456027
0.452827
0.449627
0.446429
0.443233
0.440038
0.436844
0.433652
0.430462
0.427273
0.424085
0.4209
0.417716
0.414534
0.411354
0.408176
0.404999
0.401825
0.398652
0.395482
0.392314
0.389148
0.385984
0.382822
0.379663
0.376506
0.373352
0.3702
0.36705
0.363904
0.36076
0.357618
0.35448
0.351344
0.348211
0.345082
0.341955
0.338831
0.335711
0.332594
0.32948
0.32637
0.323264
0.320161
0.317061
0.313965
0.310874
0.307786
0.304702
0.301622
0.298547
0.295476
0.292409
0.289347
0.286289
0.283236
0.280188
0.277144
0.274106
0.271073
0.268045
0.265023
0.262006
0.258994
0.255988
0.252988
0.249994
0.247007
0.244025
0.24105
0.238081
0.235119
0.232164
0.229215
0.226274
0.22334
0.220413
0.217494
0.214583
0.211679
0.208784
0.205897
0.203018
0.200148
0.197287
0.194434
0.191591
0.188757
0.185932
0.183118
0.180313
0.177519
0.174734
0.171961
0.169198
0.166446
0.163706
0.160977
0.15826
0.155555
0.152862
0.150181
0.147514
0.144859
0.142218
0.13959
0.136976
0.134376
0.13179
0.12922
0.126664
0.124123
0.121598
0.119089
0.116596
0.11412
0.11166
0.109218
0.106793
0.104386
0.101997
0.099627
0.0972756
0.0949434
0.0926308
0.0903381
0.0880657
0.085814
0.0835834
0.0813742
0.0791867
0.0770215
0.0748788
0.0727591
0.0706626
0.06859
0.0665414
0.0645173
0.0625182
0.0605443
0.0585961
0.056674
0.0547784
0.0529097
0.0510682
0.0492543
0.0474685
0.0457112
0.0439826
0.0422832
0.0406134
0.0389735
0.0373639
0.035785
0.034237
0.0327204
0.0312355
0.0297826
0.0283621
0.0269742
0.0256192
0.0242975
0.0230092
0.0217548
0.0205344
0.0193483
0.0181968
0.0170799
0.015998
0.0149511
0.0139396
0.0129635
0.012023
0.0111181
0.0102491
0.00941593
0.0086187
0.00785746
0.00713223
0.00644303
0.00578985
0.00517265
0.00459139
0.00404599
0.00353637
0.00306243
0.00262402
0.00222102
0.00185324
0.00152051
0.00122263
0.000959358
0.000730469
0.000535701
0.000374779
0.000247411
0.000153288
9.2087e-05
6.34681e-05
6.70776e-05
0.000102548
0.000169497
0.000267532
0.000396248
0.000555226
0.000744041
0.000962253
0.00120942
0.00148508
0.00178878
0.00212005
0.0024784
0.00286337
0.00327446
0.00371119
0.00417307
0.0046596
0.00517028
0.00570461
0.0062621
0.00684225
0.00744456
0.00806853
0.00871367
0.00937948
0.0100655
0.0107712
0.0114961
0.0122397
0.0130016
0.0137813
0.0145783
0.0153921
0.0162224
0.0170686
0.0179303
0.0188071
0.0196986
0.0206043
0.0215237
0.0224566
0.0234024
0.0243609
0.0253315
0.026314
0.0273079
0.0283129
0.0293287
0.0303548
0.0313909
0.0324367
0.0334919
0.0345561
0.0356291
0.0367104
0.0377999
0.0388972
0.040002
0.0411141
0.0422331
0.0433589
0.044491
0.0456294
0.0467738
0.0479238
0.0490793
0.0502401
0.0514059
0.0525764
0.0537516
0.0549311
0.0561149
0.0573026
0.0584941
0.0596892
0.0608878
0.0620896
0.0632945
0.0645023
0.0657129
0.0669261
0.0681418
0.0693597
0.0705799
0.071802
0.0730261
0.0742519
0.0754793
0.0767082
0.0779386
0.0791702
0.0804029
0.0816367
0.0828715
0.084107
0.0853433
0.0865803
0.0878178
0.0890557
0.090294
0.0915326
0.0927714
0.0940103
0.0952492
0.0964881
0.0977268
0.0989654
0.100204
0.101442
0.102679
0.103916
0.105153
0.106389
0.107624
0.108859
0.110093
0.111326
0.112558
0.11379
0.11502
0.11625
0.117478
0.118705
0.119932
0.121157
0.12238
0.123603
0.124824
0.126044
0.127263
0.12848
0.129696
0.13091
0.132123
0.133335
0.134545
0.135753
0.13696
0.138165
0.139368
0.14057
0.14177
0.142969
0.144166
0.145361
0.146554
0.147745
0.148935
0.150123
0.151309
0.152493
0.153676
0.154856
0.156035
0.157211
0.158386
0.159559
0.16073
0.161898
0.163065
0.16423
0.165393
0.166554
0.167713
0.16887
0.170025
0.171178
0.172329
0.173478
0.174625
0.175769
0.176912
0.178053
0.179191
0.180328
0.181462
0.182594
0.183724
0.184852
0.185978
0.187102
0.188224
0.189344
0.190461
0.191577
0.19269
0.193801
0.19491
0.196017
0.197122
0.198225
0.199326
0.200424
0.201521
0.202615
0.203707
0.204797
0.205885
0.206971
0.208054
0.209136
0.210215
0.211292
0.212368
0.213441
0.214512
0.21558
0.216647
0.217712
0.218774
0.219835
0.220893
0.221949
0.223003
0.224055
0.225105
0.226153
0.227199
0.228242
0.229284
0.230323
0.231361
0.232396
0.233429
0.23446
0.23549
0.236517
0.237542
0.238565
0.239585
0.240604
0.241621
0.242636
0.243649
0.244659
0.245668
0.246675
0.247679
0.248682
0.249683
0.250681
0.251678
0.252673
0.253665
0.254656
0.255644
0.256631
0.257616
0.258599
0.259579
0.260558
0.261535
0.26251
0.263483
0.264454
0.265423
0.26639
0.267355
0.268318
0.26928
0.270239
0.271197
0.272152
0.273106
0.274058
0.275007
0.275955
0.276902
0.277846
0.278788
0.279729
0.280667
0.281604
0.282539
0.283472
0.284403
0.285333
0.28626
0.287186
0.28811
0.289032
0.289952
0.29087
0.291787
0.292702
0.293615
0.294526
0.295436
0.296343
0.297249
0.298153
0.299055
0.299956
0.300855
0.301752
0.302647
0.303541
0.304432
0.305323
0.306211
0.307097
0.307982
0.308865
0.309747
0.310627
0.311505
0.312381
0.313256
0.314129
0.315
0.31587
0.316737
0.317604
0.318468
0.319331
0.320192
0.321052
0.32191
0.322766
0.323621
0.324474
0.325326
0.326175
0.327023
0.32787
0.328715
0.329558
0.3304
0.33124
0.332079
0.332916
0.333751
0.334585
0.335417
0.336248
0.337077
0.337904
0.33873
0.339555
0.340378
0.341199
0.342019
0.342837
0.343654
0.344469
0.345283
0.346095
0.346905
0.347714
0.348522
0.349328
0.350133
0.350936
0.351737
0.352538
0.353336
0.354133
0.354929
0.355723
0.356516
0.357308
0.358097
0.358886
0.359673
0.360458
0.361242
0.362025
0.362806
0.363586
0.364364
0.365141
0.365917
0.366691
0.367464
0.368235
0.369005
0.369774
0.370541
0.371306
0.372071
0.372834
0.373595
0.374356
0.375114
0.375872
0.376628
0.377383
0.378136
0.378888
0.379639
0.380388
0.381136
0.381883
0.382628
0.383372
0.384115
0.384857
0.385597
0.386335
0.387073
0.387809
0.388544
0.389277
0.39001
0.390741
0.39147
0.392199
0.392926
0.393651
0.394376
0.395099
0.395821
0.396542
0.397262
0.39798
0.398697
0.399412
0.400127
0.40084
0.401552
0.402263
0.402972
0.403681
0.404388
0.405094
0.405798
0.406502
0.407204
0.407905
0.408605
0.409303
0.41
0.410697
0.411392
0.412085
0.412778
0.413469
0.41416
0.414849
0.415536
0.416223
0.416909
0.417593
0.418276
0.418958
0.419639
0.420319
0.420997
0.421675
0.422351
0.423026
0.4237
0.424373
0.425045
0.425715
0.426385
0.427053
0.42772
0.428387
0.429052
0.429715
0.430378
0.43104
0.4317
0.43236
0.433018
0.433675
0.434332
0.434987
0.435641
0.436294
0.436945
0.437596
0.438246
0.438894
0.439542
0.440188
0.440834
0.441478
0.442121
0.442764
0.443405
0.444045
0.444684
0.445322
0.445959
0.446595
0.44723
0.447864
0.448496
0.449128
0.449759
0.450389
0.451017
0.451645
0.452272
0.452897
0.453522
0.454146
0.454768
0.45539
0.456011
0.45663
0.457249
0.457866
0.458483
0.459099
0.459713
0.460327
0.46094
0.461551
0.462162
0.462772
0.463381
0.463989
0.464595
0.465201
0.465806
0.46641
0.467013
0.467615
0.468216
0.468816
0.469416
0.470014
0.470611
0.471207
0.471803
0.472397
0.472991
0.473583
0.474175
0.474766
0.475356
0.475945
0.476533
0.47712
0.477706
0.478291
0.478875
0.479459
0.480041
0.480623
0.481203
0.481783
0.482362
0.48294
0.483517
0.484093
0.484668
0.485243
0.485816
0.486389
0.486961
0.487532
0.488101
0.488671
0.489239
0.489806
0.490373
0.490938
0.491503
0.492067
0.49263
0.493192
0.493753
0.494314
0.494873
0.495432
0.49599
0.496547
0.497103
0.497658
0.498213
0.498767
0.499319
0.499871
0.500422
0.500973
0.501522
0.502071
0.502619
0.503166
0.503712
0.504257
0.504802
0.505345
0.505888
0.50643
0.506972
0.507512
0.508052
0.508591
0.509129
0.509666
0.510202
0.510738
0.511273
0.511807
0.51234
0.512872
0.513404
0.513935
0.514465
0.514994
0.515523
0.51605
0.516577
0.517103
0.517629
0.518153
0.518677
0.5192
0.519723
0.520244
0.520765
0.521285
0.521804
0.522322
0.52284
0.523357
0.523873
0.524389
0.524903
0.525417
0.52593
0.526443
0.526955
0.527466
0.527976
0.528485
0.528994
0.529502
0.530009
0.530516
0.531021
0.531526
0.532031
0.532534
0.533037
0.533539
0.534041
0.534541
0.535041
0.53554
0.536039
0.536537
0.537034
0.53753
0.538026
0.538521
0.539015
0.539508
0.540001
0.540493
0.540985
0.541475
0.541965
0.542455
0.542943
0.543431
0.543919
0.544405
0.544891
0.545376
0.54586
0.546344
0.546827
0.54731
0.547791
0.548273
0.548753
0.549233
0.549712
0.55019
0.550668
0.551145
0.551621
0.552096
0.552571
0.553046
0.553519
0.553992
0.554465
0.554936
0.555407
0.555878
0.556347
0.556816
0.557285
0.557752
0.558219
0.558686
0.559152
0.559617
0.560081
0.560545
0.561008
0.561471
0.561933
0.562394
0.562854
0.563314
0.563774
0.564232
0.56469
0.565148
0.565605
0.566061
0.566516
0.566971
0.567426
0.567879
0.568332
0.568785
0.569237
0.569688
0.570138
0.570588
0.571038
0.571486
0.571934
0.572382
0.572829
0.573275
0.573721
0.574166
0.57461
0.575054
0.575497
0.57594
0.576382
0.576823
0.577264
0.577704
0.578144
0.578583
0.579021
0.579459
0.579897
0.580333
0.580769
0.581205
0.58164
0.582074
0.582508
0.582941
0.583373
0.583805
0.584237
0.584668
0.585098
0.585527
0.585957
0.586385
0.586813
0.58724
0.587667
0.588093
0.588519
0.588944
0.589369
0.589793
0.590216
0.590639
0.591061
0.591483
0.591904
0.592325
0.592745
0.593164
0.593583
0.594001
0.594419
0.594836
0.595253
0.595669
0.596085
0.5965
0.596914
0.597328
0.597742
0.598154
0.598567
0.598979
0.59939
0.5998
0.600211
0.60062
0.601029
0.601438
0.601846
0.602253
0.60266
0.603067
0.603472
0.603878
0.604283
0.604687
0.605091
0.605494
0.605896
0.606299
0.6067
0.607101
0.607502
0.607902
0.608302
0.608701
0.609099
0.609497
0.609895
0.610292
0.610688
0.611084
0.61148
0.611874
0.612269
0.612663
0.613056
0.613449
0.613841
0.614233
0.614625
0.615015
0.615406
0.615796
0.616185
0.616574
0.616962
0.61735
0.617738
0.618124
0.618511
0.618897
0.619282
0.619667
0.620051
0.620435
0.620819
0.621202
0.621584
0.621966
0.622347
0.622728
0.623109
0.623489
0.623868
0.624247
0.624626
0.625004
0.625382
0.625759
0.626135
0.626512
0.626887
0.627262
0.627637
0.628011
0.628385
0.628759
0.629131
0.629504
0.629876
0.630247
0.630618
0.630989
0.631359
0.631728
0.632097
0.632466
0.632834
0.633202
0.633569
0.633936
0.634302
0.634668
0.635033
0.635398
0.635763
0.636127
0.636491
0.636854
0.637216
0.637579
0.63794
0.638302
0.638663
0.639023
0.639383
0.639742
0.640102
0.64046
0.640818
0.641176
0.641533
0.64189
0.642247
0.642603
0.642958
0.643313
0.643668
0.644022
0.644376
0.644729
0.645082
0.645435
0.645787
0.646138
0.646489
0.64684
0.64719
0.64754
0.64789
0.648239
0.648587
0.648935
0.649283
0.64963
0.649977
0.650324
0.65067
0.651015
0.651361
0.651705
0.65205
0.652393
0.652737
0.65308
0.653423
0.653765
0.654107
0.654448
0.654789
0.65513
0.65547
0.655809
0.656149
0.656488
0.656826
0.657164
0.657502
0.657839
0.658176
0.658512
0.658849
0.659184
0.659519
0.659854
0.660189
0.660523
0.660856
0.661189
0.661522
0.661855
0.662187
0.662518
0.662849
0.66318
0.66351
0.66384
0.66417
0.664499
0.664828
0.665156
0.665484
0.665812
0.666139
0.666466
0.666793
0.667119
0.667444
0.66777
0.668094
0.668419
0.668743
0.669067
0.66939
0.669713
0.670036
0.670358
0.67068
0.671001
0.671322
0.671643
0.671963
0.672283
0.672602
0.672921
0.67324
0.673558
0.673876
0.674194
0.674511
0.674828
0.675144
0.675461
0.675776
0.676092
0.676407
0.676721
0.677035
0.677349
0.677663
0.677976
0.678289
0.678601
0.678913
0.679225
0.679536
0.679847
0.680157
0.680467
0.680777
0.681087
0.681396
0.681704
0.682013
0.682321
0.682628
0.682936
0.683243
0.683549
0.683855
0.684161
0.684467
0.684772
0.685076
0.685381
0.685685
0.685989
0.686292
0.686595
0.686897
0.6872
0.687502
0.687803
0.688104
0.688405
0.688706
0.689006
0.689306
0.689605
0.689904
0.690203
0.690501
0.6908
0.691097
0.691395
0.691692
0.691988
0.692285
0.692581
0.692876
0.693172
0.693467
0.693761
0.694056
0.69435
0.694643
0.694936
0.695229
0.695522
0.695814
0.696106
0.696398
0.696689
0.69698
0.69727
0.697561
0.697851
0.69814
0.698429
0.698718
0.699007
0.699295
0.699583
0.699871
0.700158
0.700445
0.700731
0.701018
0.701304
0.701589
0.701874
0.702159
0.702444
0.702728
0.703012
0.703296
0.703579
0.703862
0.704145
0.704427
0.704709
0.704991
0.705273
0.705554
0.705834
0.706115
0.706395
0.706675
0.706954
0.707233
0.707512
0.707791
0.708069
0.708347
0.708624
0.708902
0.709179
0.709455
0.709732
0.710008
0.710283
0.710559
0.710834
0.711109
0.711383
0.711657
0.711931
0.712205
0.712478
0.712751
0.713023
0.713296
0.713568
0.713839
0.714111
0.714382
0.714652
0.714923
0.715193
0.715463
0.715732
0.716002
0.716271
0.716539
0.716808
0.717076
0.717343
0.717611
0.717878
0.718145
0.718411
0.718678
0.718944
0.719209
0.719475
0.71974
0.720004
0.720269
0.720533
0.720797
0.72106
0.721324
0.721587
0.721849
0.722112
0.722374
0.722636
0.722897
0.723158
0.723419
0.72368
0.72394
0.7242
0.72446
0.72472
0.724979
0.725238
0.725496
0.725755
0.726013
0.726271
0.726528
0.726785
0.727042
0.727299
0.727555
0.727811
0.728067
0.728323
0.728578
0.728833
0.729087
0.729342
0.729596
0.72985
0.730103
0.730356
0.730609
0.730862
0.731114
0.731367
0.731618
0.73187
0.732121
0.732372
0.732623
0.732874
0.733124
0.733374
0.733623
0.733873
0.734122
0.734371
0.734619
0.734867
0.735116
0.735363
0.735611
0.735858
0.736105
0.736351
0.736598
0.736844
0.73709
0.737335
0.737581
0.737826
0.738071
0.738315
0.738559
0.738803
0.739047
0.73929
0.739534
0.739777
0.740019
0.740262
0.740504
0.740746
0.740987
0.741228
0.74147
0.74171
0.741951
0.742191
0.742431
0.742671
0.74291
0.74315
0.743389
0.743627
0.743866
0.744104
0.744342
0.74458
0.744817
0.745054
0.745291
0.745528
0.745764
0.746
0.746236
0.746472
0.746707
0.746942
0.747177
0.747412
0.747646
0.74788
0.748114
0.748348
0.748581
0.748814
0.749047
0.74928
0.749512
0.749744
0.749976
0.750208
0.750439
0.75067
0.750901
0.751132
0.751362
0.751592
0.751822
0.752052
0.752281
0.75251
0.752739
0.752968
0.753196
0.753424
0.753652
0.75388
0.754107
0.754335
0.754562
0.754788
0.755015
0.755241
0.755467
0.755693
0.755918
0.756143
0.756368
0.756593
0.756818
0.757042
0.757266
0.75749
0.757713
0.757937
0.75816
0.758383
0.758605
0.758828
0.75905
0.759272
0.759494
0.759715
0.759936
0.760157
0.760378
0.760598
0.760819
0.761039
0.761259
0.761478
0.761697
0.761917
0.762135
0.762354
0.762572
0.762791
0.763009
0.763226
0.763444
0.763661
0.763878
0.764095
0.764312
0.764528
0.764744
0.76496
0.765176
0.765391
0.765606
0.765821
0.766036
0.76625
0.766465
0.766679
0.766893
0.767106
0.76732
0.767533
0.767746
0.767959
0.768171
0.768383
0.768595
0.768807
0.769019
0.76923
0.769441
0.769652
0.769863
0.770074
0.770284
0.770494
0.770704
0.770913
0.771123
0.771332
0.771541
0.77175
0.771958
0.772167
0.772375
0.772583
0.77279
0.772998
0.773205
0.773412
0.773619
0.773825
0.774032
0.774238
0.774444
0.774649
0.774855
0.77506
0.775265
0.77547
0.775675
0.775879
0.776084
0.776288
0.776491
0.776695
0.776898
0.777101
0.777304
0.777507
0.77771
0.777912
0.778114
0.778316
0.778518
0.778719
0.778921
0.779122
0.779322
0.779523
0.779724
0.779924
0.780124
0.780324
0.780523
0.780723
0.780922
0.781121
0.78132
0.781518
0.781717
0.781915
0.782113
0.782311
0.782508
0.782705
0.782903
0.7831
0.783296
0.783493
0.783689
0.783885
0.784081
0.784277
0.784473
0.784668
0.784863
0.785058
0.785253
0.785447
0.785642
0.785836
0.78603
0.786223
0.786417
0.78661
0.786803
0.786996
0.787189
0.787382
0.787574
0.787766
0.787958
0.78815
0.788341
0.788533
0.788724
0.788915
0.789106
0.789296
0.789487
0.789677
0.789867
0.790057
0.790246
0.790436
0.790625
0.790814
0.791003
0.791192
0.79138
0.791568
0.791756
0.791944
0.792132
0.792319
0.792507
0.792694
0.792881
0.793067
0.793254
0.79344
0.793627
0.793812
0.793998
0.794184
0.794369
0.794554
0.79474
0.794924
0.795109
0.795293
0.795478
0.795662
0.795846
0.796029
0.796213
0.796396
0.79658
0.796763
0.796945
0.797128
0.79731
0.797493
0.797675
0.797856
0.798038
0.79822
0.798401
0.798582
0.798763
0.798944
0.799124
0.799305
0.799485
0.799665
0.799845
0.800025
0.800204
0.800383
0.800563
0.800741
0.80092
0.801099
0.801277
0.801455
0.801634
0.801811
0.801989
0.802167
0.802344
0.802521
0.802698
0.802875
0.803052
0.803228
0.803404
0.80358
0.803756
0.803932
0.804108
0.804283
0.804458
0.804633
0.804808
0.804983
0.805157
0.805332
0.805506
0.80568
0.805853
0.806027
0.806201
0.806374
0.806547
0.80672
0.806893
0.807065
0.807238
0.80741
0.807582
0.807754
0.807926
0.808097
0.808269
0.80844
0.808611
0.808782
0.808952
0.809123
0.809293
0.809464
0.809634
0.809803
0.809973
0.810143
0.810312
0.810481
0.81065
0.810819
0.810988
0.811156
0.811324
0.811493
0.811661
0.811829
0.811996
0.812164
0.812331
0.812498
0.812665
0.812832
0.812999
0.813165
0.813332
0.813498
0.813664
0.81383
0.813995
0.814161
0.814326
0.814491
0.814656
0.814821
0.814986
0.81515
0.815315
0.815479
0.815643
0.815807
0.815971
0.816134
0.816298
0.816461
0.816624
0.816787
0.81695
0.817112
0.817275
0.817437
0.817599
0.817761
0.817923
0.818084
0.818246
0.818407
0.818568
0.818729
0.81889
0.819051
0.819211
0.819372
0.819532
0.819692
0.819852
0.820012
0.820171
0.820331
0.82049
0.820649
0.820808
0.820967
0.821125
0.821284
0.821442
0.8216
0.821758
0.821916
0.822074
0.822231
0.822389
0.822546
0.822703
0.82286
0.823017
0.823173
0.82333
0.823486
0.823642
0.823798
0.823954
0.82411
0.824266
0.824421
0.824576
0.824731
0.824886
0.825041
0.825196
0.82535
0.825504
0.825659
0.825813
0.825967
0.82612
0.826274
0.826427
0.826581
0.826734
0.826887
0.82704
0.827192
0.827345
0.827497
0.827649
0.827801
0.827953
0.828105
0.828257
0.828408
0.82856
0.828711
0.828862
0.829013
0.829164
0.829314
0.829465
0.829615
0.829765
0.829915
0.830065
0.830215
0.830364
0.830514
0.830663
0.830812
0.830961
0.83111
0.831259
0.831408
0.831556
0.831704
0.831852
0.832
0.832148
0.832296
0.832444
0.832591
0.832738
0.832885
0.833032
0.833179
0.833326
0.833473
0.833619
0.833765
0.833911
0.834057
0.834203
0.834349
0.834495
0.83464
0.834785
0.834931
0.835076
0.83522
0.835365
0.83551
0.835654
0.835799
0.835943
0.836087
0.836231
0.836374
0.836518
0.836662
0.836805
0.836948
0.837091
0.837234
0.837377
0.83752
0.837662
0.837804
0.837947
0.838089
0.838231
0.838373
0.838514
0.838656
0.838797
0.838939
0.83908
0.839221
0.839362
0.839502
0.839643
0.839784
0.839924
0.840064
0.840204
0.840344
0.840484
0.840624
0.840763
0.840903
0.841042
0.841181
0.84132
0.841459
0.841598
0.841736
0.841875
0.842013
0.842151
0.842289
0.842427
0.842565
0.842703
0.84284
0.842978
0.843115
0.843252
0.843389
0.843526
0.843663
0.843799
0.843936
0.844072
0.844208
0.844345
0.844481
0.844616
0.844752
0.844888
0.845023
0.845158
0.845294
0.845429
0.845564
0.845698
0.845833
0.845968
0.846102
0.846236
0.846371
0.846505
0.846639
0.846772
0.846906
0.847039
0.847173
0.847306
0.847439
0.847572
0.847705
0.847838
0.847971
0.848103
0.848236
0.848368
0.8485
0.848632
0.848764
0.848896
0.849027
0.849159
0.84929
0.849421
0.849553
0.849684
0.849814
0.849945
0.850076
0.850206
0.850337
0.850467
0.850597
0.850727
0.850857
0.850987
0.851116
0.851246
0.851375
0.851505
0.851634
0.851763
0.851892
0.852021
0.852149
0.852278
0.852406
0.852535
0.852663
0.852791
0.852919
0.853047
0.853174
0.853302
0.853429
0.853557
0.853684
0.853811
0.853938
0.854065
0.854192
0.854318
0.854445
0.854571
0.854697
0.854823
0.854949
0.855075
0.855201
0.855327
0.855452
0.855578
0.855703
0.855828
0.855953
0.856078
0.856203
0.856328
0.856453
0.856577
0.856701
0.856826
0.85695
0.857074
0.857198
0.857321
0.857445
0.857569
0.857692
0.857815
0.857939
0.858062
0.858185
0.858308
0.85843
0.858553
0.858675
0.858798
0.85892
0.859042
0.859164
0.859286
0.859408
0.85953
0.859651
0.859773
0.859894
0.860016
0.860137
0.860258
0.860379
0.860499
0.86062
0.860741
0.860861
0.860981
0.861102
0.861222
0.861342
0.861462
0.861581
0.861701
0.861821
0.86194
0.862059
0.862179
0.862298
0.862417
0.862536
0.862655
0.862773
0.862892
0.86301
0.863129
0.863247
0.863365
0.863483
0.863601
0.863719
0.863836
0.863954
0.864071
0.864189
0.864306
0.864423
0.86454
0.864657
0.864774
0.86489
0.865007
0.865123
0.86524
0.865356
0.865472
0.865588
0.865704
0.86582
0.865936
0.866051
0.866167
0.866282
0.866397
0.866513
0.866628
0.866743
0.866858
0.866972
0.867087
0.867201
0.867316
0.86743
0.867544
0.867659
0.867773
0.867886
0.868
0.868114
0.868227
0.868341
0.868454
0.868568
0.868681
0.868794
0.868907
0.86902
0.869132
0.869245
0.869357
0.86947
0.869582
0.869694
0.869807
0.869919
0.87003
0.870142
0.870254
0.870366
0.870477
0.870588
0.8707
0.870811
0.870922
0.871033
0.871144
0.871255
0.871365
0.871476
0.871586
0.871697
0.871807
0.871917
0.872027
0.872137
0.872247
0.872357
0.872466
0.872576
0.872685
0.872795
0.872904
0.873013
0.873122
0.873231
0.87334
0.873449
0.873557
0.873666
0.873774
0.873883
0.873991
0.874099
0.874207
0.874315
0.874423
0.874531
0.874638
0.874746
0.874853
0.874961
0.875068
0.875175
0.875282
0.875389
0.875496
0.875603
0.875709
0.875816
0.875922
0.876029
0.876135
0.876241
0.876347
0.876453
0.876559
0.876665
0.87677
0.876876
0.876982
0.877087
0.877192
0.877297
0.877402
0.877507
0.877612
0.877717
0.877822
0.877927
0.878031
0.878135
0.87824
0.878344
0.878448
0.878552
0.878656
0.87876
0.878864
0.878967
0.879071
0.879174
0.879278
0.879381
0.879484
0.879587
0.87969
0.879793
0.879896
0.879999
0.880101
0.880204
0.880306
0.880409
0.880511
0.880613
0.880715
0.880817
0.880919
0.881021
0.881122
0.881224
0.881326
0.881427
0.881528
0.88163
0.881731
0.881832
0.881933
0.882033
0.882134
0.882235
0.882335
0.882436
0.882536
0.882637
0.882737
0.882837
0.882937
0.883037
0.883137
0.883237
0.883336
0.883436
0.883535
0.883635
0.883734
0.883833
0.883932
0.884031
0.88413
0.884229
0.884328
0.884426
0.884525
0.884624
0.884722
0.88482
0.884918
0.885017
0.885115
0.885213
0.88531
0.885408
0.885506
0.885604
0.885701
0.885798
0.885896
0.885993
0.88609
0.886187
0.886284
0.886381
0.886478
0.886575
0.886671
0.886768
0.886864
0.886961
0.887057
0.887153
0.887249
0.887345
0.887441
0.887537
0.887633
0.887728
0.887824
0.887919
0.888015
0.88811
0.888205
0.8883
0.888395
0.88849
0.888585
0.88868
0.888775
0.888869
0.888964
0.889058
0.889153
0.889247
0.889341
0.889435
0.889529
0.889623
0.889717
0.889811
0.889905
0.889998
0.890092
0.890185
0.890279
0.890372
0.890465
0.890558
0.890651
0.890744
0.890837
0.89093
0.891022
0.891115
0.891207
0.8913
0.891392
0.891484
0.891577
0.891669
0.891761
0.891853
0.891945
0.892036
0.892128
0.89222
0.892311
0.892402
0.892494
0.892585
0.892676
0.892767
0.892858
0.892949
0.89304
0.893131
0.893222
0.893312
0.893403
0.893493
0.893584
0.893674
0.893764
0.893854
0.893944
0.894034
0.894124
0.894214
0.894304
0.894393
0.894483
0.894572
0.894662
0.894751
0.89484
0.894929
0.895018
0.895107
0.895196
0.895285
0.895374
0.895462
0.895551
0.89564
0.895728
0.895816
0.895905
0.895993
0.896081
0.896169
0.896257
0.896345
0.896433
0.89652
0.896608
0.896695
0.896783
0.89687
0.896958
0.897045
0.897132
0.897219
0.897306
0.897393
0.89748
0.897567
0.897653
0.89774
0.897827
0.897913
0.897999
0.898086
0.898172
0.898258
0.898344
0.89843
0.898516
0.898602
0.898688
0.898773
0.898859
0.898945
0.89903
0.899115
0.899201
0.899286
0.899371
0.899456
0.899541
0.899626
0.899711
0.899796
0.899881
0.899965
0.90005
0.900134
0.900219
0.900303
0.900387
0.900471
0.900555
0.900639
0.900723
0.900807
0.900891
0.900975
0.901058
0.901142
0.901225
0.901309
0.901392
0.901476
0.901559
0.901642
0.901725
0.901808
0.901891
0.901974
0.902056
0.902139
0.902222
0.902304
0.902387
0.902469
0.902551
0.902634
0.902716
0.902798
0.90288
0.902962
0.903044
0.903126
0.903207
0.903289
0.90337
0.903452
0.903533
0.903615
0.903696
0.903777
0.903858
0.90394
0.904021
0.904101
0.904182
0.904263
0.904344
0.904424
0.904505
0.904586
0.904666
0.904746
0.904827
0.904907
0.904987
0.905067
0.905147
0.905227
0.905307
0.905387
0.905466
0.905546
0.905626
0.905705
0.905784
0.905864
0.905943
0.906022
0.906101
0.906181
0.90626
0.906339
0.906417
0.906496
0.906575
0.906654
0.906732
0.906811
0.906889
0.906968
0.907046
0.907124
0.907202
0.90728
0.907358
0.907436
0.907514
0.907592
0.90767
0.907748
0.907825
0.907903
0.90798
0.908058
0.908135
0.908212
0.908289
0.908367
0.908444
0.908521
0.908598
0.908674
0.908751
0.908828
0.908905
0.908981
0.909058
0.909134
0.909211
0.909287
0.909363
0.909439
0.909516
0.909592
0.909668
0.909743
0.909819
0.909895
0.909971
0.910046
0.910122
0.910198
0.910273
0.910348
0.910424
0.910499
0.910574
0.910649
0.910724
0.910799
0.910874
0.910949
0.911024
0.911099
0.911173
0.911248
0.911322
0.911397
0.911471
0.911546
0.91162
0.911694
0.911768
0.911842
0.911916
0.91199
0.912064
0.912138
0.912212
0.912285
0.912359
0.912432
0.912506
0.912579
0.912653
0.912726
0.912799
0.912872
0.912945
0.913018
0.913091
0.913164
0.913237
0.91331
0.913383
0.913455
0.913528
0.9136
0.913673
0.913745
0.913817
0.91389
0.913962
0.914034
0.914106
0.914178
0.91425
0.914322
0.914394
0.914466
0.914537
0.914609
0.91468
0.914752
0.914823
0.914895
0.914966
0.915037
0.915108
0.91518
0.915251
0.915322
0.915393
0.915463
0.915534
0.915605
0.915676
0.915746
0.915817
0.915887
0.915958
0.916028
0.916098
0.916169
0.916239
0.916309
0.916379
0.916449
0.916519
0.916589
0.916659
0.916729
0.916798
0.916868
0.916937
0.917007
0.917076
0.917146
0.917215
0.917284
0.917354
0.917423
0.917492
0.917561
0.91763
0.917699
0.917768
0.917836
0.917905
0.917974
0.918042
0.918111
0.91818
0.918248
0.918316
0.918385
0.918453
0.918521
0.918589
0.918657
0.918725
0.918793
0.918861
0.918929
0.918997
0.919064
0.919132
0.9192
0.919267
0.919335
0.919402
0.919469
0.919537
0.919604
0.919671
0.919738
0.919805
0.919872
0.919939
0.920006
0.920073
0.92014
0.920207
0.920273
0.92034
0.920406
0.920473
0.920539
0.920606
0.920672
0.920738
0.920804
0.92087
0.920937
0.921003
0.921069
0.921134
0.9212
0.921266
0.921332
0.921397
0.921463
0.921529
0.921594
0.92166
0.921725
0.92179
0.921856
0.921921
0.921986
0.922051
0.922116
0.922181
0.922246
0.922311
0.922376
0.92244
0.922505
0.92257
0.922634
0.922699
0.922763
0.922828
0.922892
0.922957
0.923021
0.923085
0.923149
0.923213
0.923277
0.923341
0.923405
0.923469
0.923533
0.923597
0.92366
0.923724
0.923788
0.923851
0.923915
0.923978
0.924041
0.924105
0.924168
0.924231
0.924294
0.924357
0.92442
0.924483
0.924546
0.924609
0.924672
0.924735
0.924797
0.92486
0.924923
0.924985
0.925048
0.92511
0.925173
0.925235
0.925297
0.925359
0.925422
0.925484
0.925546
0.925608
0.92567
0.925732
0.925793
0.925855
0.925917
0.925979
0.92604
0.926102
0.926163
0.926225
0.926286
0.926348
0.926409
0.92647
0.926531
0.926593
0.926654
0.926715
0.926776
0.926837
0.926897
0.926958
0.927019
0.92708
0.927141
0.927201
0.927262
0.927322
0.927383
0.927443
0.927503
0.927564
0.927624
0.927684
0.927744
0.927804
0.927865
0.927925
0.927984
0.928044
0.928104
0.928164
0.928224
0.928283
0.928343
0.928403
0.928462
0.928522
0.928581
0.92864
0.9287
0.928759
0.928818
0.928877
0.928936
0.928996
0.929055
0.929114
0.929172
0.929231
0.92929
0.929349
0.929408
0.929466
0.929525
0.929583
0.929642
0.9297
0.929759
0.929817
0.929875
0.929934
0.929992
0.93005
0.930108
0.930166
0.930224
0.930282
0.93034
0.930398
0.930456
0.930513
0.930571
0.930629
0.930686
0.930744
0.930802
0.930859
0.930916
0.930974
0.931031
0.931088
0.931145
0.931203
0.93126
0.931317
0.931374
0.931431
0.931488
0.931545
0.931601
0.931658
0.931715
0.931772
0.931828
0.931885
0.931941
0.931998
0.932054
0.93211
0.932167
0.932223
0.932279
0.932336
0.932392
0.932448
0.932504
0.93256
0.932616
0.932672
0.932727
0.932783
0.932839
0.932895
0.93295
0.933006
0.933061
0.933117
0.933172
0.933228
0.933283
0.933339
0.933394
0.933449
0.933504
0.933559
0.933614
0.933669
0.933724
0.933779
0.933834
0.933889
0.933944
0.933999
0.934053
0.934108
0.934163
0.934217
0.934272
0.934326
0.934381
0.934435
0.934489
0.934543
0.934598
0.934652
0.934706
0.93476
0.934814
0.934868
0.934922
0.934976
0.93503
0.935084
0.935137
0.935191
0.935245
0.935299
0.935352
0.935406
0.935459
0.935513
0.935566
0.935619
0.935673
0.935726
0.935779
0.935832
0.935885
0.935938
0.935992
0.936045
0.936097
0.93615
0.936203
0.936256
0.936309
0.936361
0.936414
0.936467
0.936519
0.936572
0.936624
0.936677
0.936729
0.936782
0.936834
0.936886
0.936938
0.936991
0.937043
0.937095
0.937147
0.937199
0.937251
0.937303
0.937355
0.937406
0.937458
0.93751
0.937562
0.937613
0.937665
0.937716
0.937768
0.937819
0.937871
0.937922
0.937973
0.938025
0.938076
0.938127
0.938178
0.938229
0.938281
0.938332
0.938383
0.938433
0.938484
0.938535
0.938586
0.938637
0.938688
0.938738
0.938789
0.938839
0.93889
0.93894
0.938991
0.939041
0.939092
0.939142
0.939192
0.939243
0.939293
0.939343
0.939393
0.939443
0.939493
0.939543
0.939593
0.939643
0.939693
0.939743
0.939793
0.939842
0.939892
0.939942
0.939991
0.940041
0.94009
0.94014
0.940189
0.940239
0.940288
0.940337
0.940387
0.940436
0.940485
0.940534
0.940583
0.940632
0.940681
0.94073
0.940779
0.940828
0.940877
0.940926
0.940974
0.941023
0.941072
0.941121
0.941169
0.941218
0.941266
0.941315
0.941363
0.941412
0.94146
0.941508
0.941556
0.941605
0.941653
0.941701
0.941749
0.941797
0.941845
0.941893
0.941941
0.941989
0.942037
0.942085
0.942132
0.94218
0.942228
0.942276
0.942323
0.942371
0.942418
0.942466
0.942513
0.942561
0.942608
0.942655
0.942703
0.94275
0.942797
0.942844
0.942891
0.942939
0.942986
0.943033
0.94308
0.943126
0.943173
0.94322
0.943267
0.943314
0.943361
0.943407
0.943454
0.9435
0.943547
0.943594
0.94364
0.943687
0.943733
0.943779
0.943826
0.943872
0.943918
0.943964
0.944011
0.944057
0.944103
0.944149
0.944195
0.944241
0.944287
0.944333
0.944379
0.944424
0.94447
0.944516
0.944562
0.944607
0.944653
0.944699
0.944744
0.94479
0.944835
0.944881
0.944926
0.944971
0.945017
0.945062
0.945107
0.945152
0.945198
0.945243
0.945288
0.945333
0.945378
0.945423
0.945468
0.945513
0.945558
0.945602
0.945647
0.945692
0.945737
0.945781
0.945826
0.945871
0.945915
0.94596
0.946004
0.946049
0.946093
0.946137
0.946182
0.946226
0.94627
0.946314
0.946359
0.946403
0.946447
0.946491
0.946535
0.946579
0.946623
0.946667
0.946711
0.946755
0.946798
0.946842
0.946886
0.94693
0.946973
0.947017
0.94706
0.947104
0.947147
0.947191
0.947234
0.947278
0.947321
0.947365
0.947408
0.947451
0.947494
0.947537
0.947581
0.947624
0.947667
0.94771
0.947753
0.947796
0.947839
0.947882
0.947924
0.947967
0.94801
0.948053
0.948096
0.948138
0.948181
0.948223
0.948266
0.948309
0.948351
0.948393
0.948436
0.948478
0.948521
0.948563
0.948605
0.948647
0.94869
0.948732
0.948774
0.948816
0.948858
0.9489
0.948942
0.948984
0.949026
0.949068
0.94911
0.949152
0.949193
0.949235
0.949277
0.949319
0.94936
0.949402
0.949443
0.949485
0.949526
0.949568
0.949609
0.949651
0.949692
0.949733
0.949775
0.949816
0.949857
0.949898
0.949939
0.949981
0.950022
0.950063
0.950104
0.950145
0.950186
0.950227
0.950267
0.950308
0.950349
0.95039
0.950431
0.950471
0.950512
0.950553
0.950593
0.950634
0.950674
0.950715
0.950755
0.950796
0.950836
0.950876
0.950917
0.950957
0.950997
0.951037
0.951078
0.951118
0.951158
0.951198
0.951238
0.951278
0.951318
0.951358
0.951398
0.951438
0.951478
0.951517
0.951557
0.951597
0.951637
0.951676
0.951716
0.951756
0.951795
0.951835
0.951874
0.951914
0.951953
0.951993
0.952032
0.952071
0.952111
0.95215
0.952189
0.952228
0.952268
0.952307
0.952346
0.952385
0.952424
0.952463
0.952502
0.952541
0.95258
0.952619
0.952658
0.952696
0.952735
0.952774
0.952813
0.952851
0.95289
0.952929
0.952967
0.953006
0.953044
0.953083
0.953121
0.95316
0.953198
0.953237
0.953275
0.953313
0.953351
0.95339
0.953428
0.953466
0.953504
0.953542
0.95358
0.953618
0.953657
0.953694
0.953732
0.95377
0.953808
0.953846
0.953884
0.953922
0.953959
0.953997
0.954035
0.954073
0.95411
0.954148
0.954185
0.954223
0.95426
0.954298
0.954335
0.954373
0.95441
0.954447
0.954485
0.954522
0.954559
0.954597
0.954634
0.954671
0.954708
0.954745
0.954782
0.954819
0.954856
0.954893
0.95493
0.954967
0.955004
0.955041
0.955078
0.955114
0.955151
0.955188
0.955225
0.955261
0.955298
0.955334
0.955371
0.955408
0.955444
0.955481
0.955517
0.955553
0.95559
0.955626
0.955663
0.955699
0.955735
0.955771
0.955808
0.955844
0.95588
0.955916
0.955952
0.955988
0.956024
0.95606
0.956096
0.956132
0.956168
0.956204
0.95624
0.956275
0.956311
0.956347
0.956383
0.956418
0.956454
0.95649
0.956525
0.956561
0.956596
0.956632
0.956667
0.956703
0.956738
0.956774
0.956809
0.956844
0.95688
0.956915
0.95695
0.956985
0.957021
0.957056
0.957091
0.957126
0.957161
0.957196
0.957231
0.957266
0.957301
0.957336
0.957371
0.957406
0.957441
0.957475
0.95751
0.957545
0.95758
0.957614
0.957649
0.957684
0.957718
0.957753
0.957787
0.957822
0.957856
0.957891
0.957925
0.95796
0.957994
0.958028
0.958063
0.958097
0.958131
0.958165
0.9582
0.958234
0.958268
0.958302
0.958336
0.95837
0.958404
0.958438
0.958472
0.958506
0.95854
0.958574
0.958608
0.958642
0.958675
0.958709
0.958743
0.958777
0.95881
0.958844
0.958878
0.958911
0.958945
0.958978
0.959012
0.959045
0.959079
0.959112
0.959146
0.959179
0.959212
0.959246
0.959279
0.959312
0.959346
0.959379
0.959412
0.959445
0.959478
0.959511
0.959544
0.959577
0.95961
0.959643
0.959676
0.959709
0.959742
0.959775
0.959808
0.959841
0.959874
0.959906
0.959939
0.959972
0.960005
0.960037
0.96007
0.960102
0.960135
0.960168
0.9602
0.960233
0.960265
0.960298
0.96033
0.960362
0.960395
0.960427
0.960459
0.960492
0.960524
0.960556
0.960588
0.960621
0.960653
0.960685
0.960717
0.960749
0.960781
0.960813
0.960845
0.960877
0.960909
0.960941
0.960973
0.961005
0.961036
0.961068
0.9611
0.961132
0.961163
0.961195
0.961227
0.961258
0.96129
0.961322
0.961353
0.961385
0.961416
0.961448
0.961479
0.961511
0.961542
0.961573
0.961605
0.961636
0.961667
0.961699
0.96173
0.961761
0.961792
0.961824
0.961855
0.961886
0.961917
0.961948
0.961979
0.96201
0.962041
0.962072
0.962103
0.962134
0.962165
0.962196
0.962226
0.962257
0.962288
0.962319
0.962349
0.96238
0.962411
0.962442
0.962472
0.962503
0.962533
0.962564
0.962594
0.962625
0.962655
0.962686
0.962716
0.962747
0.962777
0.962807
0.962838
0.962868
0.962898
0.962929
0.962959
0.962989
0.963019
0.963049
0.963079
0.96311
0.96314
0.96317
0.9632
0.96323
0.96326
0.96329
0.96332
0.963349
0.963379
0.963409
0.963439
0.963469
0.963499
0.963528
0.963558
0.963588
0.963617
0.963647
0.963677
0.963706
0.963736
0.963765
0.963795
0.963824
0.963854
0.963883
0.963913
0.963942
0.963972
0.964001
0.96403
0.96406
0.964089
0.964118
0.964147
0.964177
0.964206
0.964235
0.964264
0.964293
0.964322
0.964351
0.96438
0.964409
0.964438
0.964467
0.964496
0.964525
0.964554
0.964583
0.964612
0.964641
0.964669
0.964698
0.964727
0.964756
0.964784
0.964813
0.964842
0.96487
0.964899
0.964928
0.964956
0.964985
0.965013
0.965042
0.96507
0.965099
0.965127
0.965155
0.965184
0.965212
0.965241
0.965269
0.965297
0.965325
0.965354
0.965382
0.96541
0.965438
0.965466
0.965494
0.965522
0.965551
0.965579
0.965607
0.965635
0.965663
0.965691
0.965718
0.965746
0.965774
0.965802
0.96583
0.965858
0.965886
0.965913
0.965941
0.965969
0.965997
0.966024
0.966052
0.966079
0.966107
0.966135
0.966162
0.96619
0.966217
0.966245
0.966272
0.9663
0.966327
0.966355
0.966382
0.966409
0.966437
0.966464
0.966491
0.966518
0.966546
0.966573
0.9666
0.966627
0.966654
0.966682
0.966709
0.966736
0.966763
0.96679
0.966817
0.966844
0.966871
0.966898
0.966925
0.966952
0.966979
0.967005
0.967032
0.967059
0.967086
0.967113
0.967139
0.967166
0.967193
0.967219
0.967246
0.967273
0.967299
0.967326
0.967353
0.967379
0.967406
0.967432
0.967459
0.967485
0.967512
0.967538
0.967564
0.967591
0.967617
0.967643
0.96767
0.967696
0.967722
0.967749
0.967775
0.967801
0.967827
0.967853
0.967879
0.967906
0.967932
0.967958
0.967984
0.96801
0.968036
0.968062
0.968088
0.968114
0.96814
0.968166
0.968191
0.968217
0.968243
0.968269
0.968295
0.96832
0.968346
0.968372
0.968398
0.968423
0.968449
0.968475
0.9685
0.968526
0.968551
0.968577
0.968603
0.968628
0.968654
0.968679
0.968705
0.96873
0.968755
0.968781
0.968806
0.968831
0.968857
0.968882
0.968907
0.968933
0.968958
0.968983
0.969008
0.969034
0.969059
0.969084
0.969109
0.969134
0.969159
0.969184
0.969209
0.969234
0.969259
0.969284
0.969309
0.969334
0.969359
0.969384
0.969409
0.969434
0.969458
0.969483
0.969508
0.969533
0.969558
0.969582
0.969607
0.969632
0.969656
0.969681
0.969706
0.96973
0.969755
0.969779
0.969804
0.969828
0.969853
0.969877
0.969902
0.969926
0.969951
0.969975
0.97
0.970024
0.970048
0.970073
0.970097
0.970121
0.970145
0.97017
0.970194
0.970218
0.970242
0.970266
0.970291
0.970315
0.970339
0.970363
0.970387
0.970411
0.970435
0.970459
0.970483
0.970507
0.970531
0.970555
0.970579
0.970603
0.970627
0.97065
0.970674
0.970698
0.970722
0.970746
0.970769
0.970793
0.970817
0.97084
0.970864
0.970888
0.970911
0.970935
0.970959
0.970982
0.971006
0.971029
0.971053
0.971076
0.9711
0.971123
0.971147
0.97117
0.971193
0.971217
0.97124
0.971264
0.971287
0.97131
0.971333
0.971357
0.97138
0.971403
0.971426
0.97145
0.971473
0.971496
0.971519
0.971542
0.971565
0.971588
0.971611
0.971634
0.971657
0.97168
0.971703
0.971726
0.971749
0.971772
0.971795
0.971818
0.971841
0.971864
0.971886
0.971909
0.971932
0.971955
0.971978
0.972
0.972023
0.972046
0.972068
0.972091
0.972114
0.972136
0.972159
0.972181
0.972204
0.972227
0.972249
0.972272
0.972294
0.972317
0.972339
0.972361
0.972384
0.972406
0.972429
0.972451
0.972473
0.972496
0.972518
0.97254
0.972563
0.972585
0.972607
0.972629
0.972651
0.972674
0.972696
0.972718
0.97274
0.972762
0.972784
0.972806
0.972828
0.97285
0.972872
0.972894
0.972916
0.972938
0.97296
0.972982
0.973004
0.973026
0.973048
0.97307
0.973092
0.973113
0.973135
0.973157
0.973179
0.9732
0.973222
0.973244
0.973266
0.973287
0.973309
0.97333
0.973352
0.973374
0.973395
0.973417
0.973438
0.97346
0.973481
0.973503
0.973524
0.973546
0.973567
0.973589
0.97361
0.973632
0.973653
0.973674
0.973696
0.973717
0.973738
0.973759
0.973781
0.973802
0.973823
0.973844
0.973866
0.973887
0.973908
0.973929
0.97395
0.973971
0.973992
0.974014
0.974035
0.974056
0.974077
0.974098
0.974119
0.97414
0.974161
0.974181
0.974202
0.974223
0.974244
0.974265
0.974286
0.974307
0.974328
0.974348
0.974369
0.97439
0.974411
0.974431
0.974452
0.974473
0.974493
0.974514
0.974535
0.974555
0.974576
0.974597
0.974617
0.974638
0.974658
0.974679
0.974699
0.97472
0.97474
0.974761
0.974781
0.974802
0.974822
0.974842
0.974863
0.974883
0.974903
0.974924
0.974944
0.974964
0.974985
0.975005
0.975025
0.975045
0.975066
0.975086
0.975106
0.975126
0.975146
0.975166
0.975187
0.975207
0.975227
0.975247
0.975267
0.975287
0.975307
0.975327
0.975347
0.975367
0.975387
0.975407
0.975427
0.975446
0.975466
0.975486
0.975506
0.975526
0.975546
0.975565
0.975585
0.975605
0.975625
0.975645
0.975664
0.975684
0.975704
0.975723
0.975743
0.975763
0.975782
0.975802
0.975821
0.975841
0.975861
0.97588
0.9759
0.975919
0.975939
0.975958
0.975978
0.975997
0.976016
0.976036
0.976055
0.976075
0.976094
0.976113
0.976133
0.976152
0.976171
0.976191
0.97621
0.976229
0.976248
0.976268
0.976287
0.976306
0.976325
0.976344
0.976363
0.976383
0.976402
0.976421
0.97644
0.976459
0.976478
0.976497
0.976516
0.976535
0.976554
0.976573
0.976592
0.976611
0.97663
0.976649
0.976668
0.976686
0.976705
0.976724
0.976743
0.976762
0.976781
0.976799
0.976818
0.976837
0.976856
0.976874
0.976893
0.976912
0.97693
0.976949
0.976968
0.976986
0.977005
0.977024
0.977042
0.977061
0.977079
0.977098
0.977116
0.977135
0.977153
0.977172
0.97719
0.977209
0.977227
0.977246
0.977264
0.977282
0.977301
0.977319
0.977337
0.977356
0.977374
0.977392
0.977411
0.977429
0.977447
0.977465
0.977484
0.977502
0.97752
0.977538
0.977556
0.977575
0.977593
0.977611
0.977629
0.977647
0.977665
0.977683
0.977701
0.977719
0.977737
0.977755
0.977773
0.977791
0.977809
0.977827
0.977845
0.977863
0.977881
0.977899
0.977917
0.977934
0.977952
0.97797
0.977988
0.978006
0.978024
0.978041
0.978059
0.978077
0.978095
0.978112
0.97813
0.978148
0.978165
0.978183
0.978201
0.978218
0.978236
0.978253
0.978271
0.978289
0.978306
0.978324
0.978341
0.978359
0.978376
0.978394
0.978411
0.978429
0.978446
0.978463
0.978481
0.978498
0.978516
0.978533
0.97855
0.978568
0.978585
0.978602
0.97862
0.978637
0.978654
0.978671
0.978689
0.978706
0.978723
0.97874
0.978757
0.978775
0.978792
0.978809
0.978826
0.978843
0.97886
0.978877
0.978894
0.978911
0.978928
0.978945
0.978962
0.978979
0.978996
0.979013
0.97903
0.979047
0.979064
0.979081
0.979098
0.979115
0.979132
0.979149
0.979166
0.979182
0.979199
0.979216
0.979233
0.97925
0.979266
0.979283
0.9793
0.979317
0.979333
0.97935
0.979367
0.979383
0.9794
0.979417
0.979433
0.97945
0.979466
0.979483
0.9795
0.979516
0.979533
0.979549
0.979566
0.979582
0.979599
0.979615
0.979632
0.979648
0.979665
0.979681
0.979697
0.979714
0.97973
0.979747
0.979763
0.979779
0.979796
0.979812
0.979828
0.979845
0.979861
0.979877
0.979893
0.97991
0.979926
0.979942
0.979958
0.979974
0.979991
0.980007
0.980023
0.980039
0.980055
0.980071
0.980087
0.980103
0.980119
0.980136
0.980152
0.980168
0.980184
0.9802
0.980216
0.980232
0.980248
0.980264
0.980279
0.980295
0.980311
0.980327
0.980343
0.980359
0.980375
0.980391
0.980406
0.980422
0.980438
0.980454
0.98047
0.980485
0.980501
0.980517
0.980533
0.980548
0.980564
0.98058
0.980595
0.980611
0.980627
0.980642
0.980658
0.980674
0.980689
0.980705
0.98072
0.980736
0.980752
0.980767
0.980783
0.980798
0.980814
0.980829
0.980845
0.98086
0.980875
0.980891
0.980906
0.980922
0.980937
0.980953
0.980968
0.980983
0.980999
0.981014
0.981029
0.981045
0.98106
0.981075
0.98109
0.981106
0.981121
0.981136
0.981151
0.981167
0.981182
0.981197
0.981212
0.981227
0.981243
0.981258
0.981273
0.981288
0.981303
0.981318
0.981333
0.981348
0.981363
0.981378
0.981393
0.981408
0.981423
0.981438
0.981453
0.981468
0.981483
0.981498
0.981513
0.981528
0.981543
0.981558
0.981573
0.981588
0.981602
0.981617
0.981632
0.981647
0.981662
0.981677
0.981691
0.981706
0.981721
0.981736
0.98175
0.981765
0.98178
0.981794
0.981809
0.981824
0.981839
0.981853
0.981868
0.981882
0.981897
0.981912
0.981926
0.981941
0.981955
0.98197
0.981985
0.981999
0.982014
0.982028
0.982043
0.982057
0.982072
0.982086
0.9821
0.982115
0.982129
0.982144
0.982158
0.982173
0.982187
0.982201
0.982216
0.98223
0.982244
0.982259
0.982273
0.982287
0.982302
0.982316
0.98233
0.982344
0.982359
0.982373
0.982387
0.982401
0.982415
0.98243
0.982444
0.982458
0.982472
0.982486
0.9825
0.982514
0.982529
0.982543
0.982557
0.982571
0.982585
0.982599
0.982613
0.982627
0.982641
0.982655
0.982669
0.982683
0.982697
0.982711
0.982725
0.982739
0.982753
0.982766
0.98278
0.982794
0.982808
0.982822
0.982836
0.98285
0.982864
0.982877
0.982891
0.982905
0.982919
0.982933
0.982946
0.98296
0.982974
0.982987
0.983001
0.983015
0.983029
0.983042
0.983056
0.98307
0.983083
0.983097
0.983111
0.983124
0.983138
0.983151
0.983165
0.983178
0.983192
0.983206
0.983219
0.983233
0.983246
0.98326
0.983273
0.983287
0.9833
0.983314
0.983327
0.983341
0.983354
0.983367
0.983381
0.983394
0.983408
0.983421
0.983434
0.983448
0.983461
0.983474
0.983488
0.983501
0.983514
0.983528
0.983541
0.983554
0.983567
0.983581
0.983594
0.983607
0.98362
0.983633
0.983647
0.98366
0.983673
0.983686
0.983699
0.983712
0.983726
0.983739
0.983752
0.983765
0.983778
0.983791
0.983804
0.983817
0.98383
0.983843
0.983856
0.983869
0.983882
0.983895
0.983908
0.983921
0.983934
0.983947
0.98396
0.983973
0.983986
0.983999
0.984012
0.984025
0.984037
0.98405
0.984063
0.984076
0.984089
0.984102
0.984114
0.984127
0.98414
0.984153
0.984166
0.984178
0.984191
0.984204
0.984217
0.984229
0.984242
0.984255
0.984267
0.98428
0.984293
0.984305
0.984318
0.984331
0.984343
0.984356
0.984368
0.984381
0.984394
0.984406
0.984419
0.984431
0.984444
0.984456
0.984469
0.984481
0.984494
0.984506
0.984519
0.984531
0.984544
0.984556
0.984569
0.984581
0.984594
0.984606
0.984618
0.984631
0.984643
0.984656
0.984668
0.98468
0.984693
0.984705
0.984717
0.98473
0.984742
0.984754
0.984766
0.984779
0.984791
0.984803
0.984815
0.984828
0.98484
0.984852
0.984864
0.984876
0.984889
0.984901
0.984913
0.984925
0.984937
0.984949
0.984962
0.984974
0.984986
0.984998
0.98501
0.985022
0.985034
0.985046
0.985058
0.98507
0.985082
0.985094
0.985106
0.985118
0.98513
0.985142
0.985154
0.985166
0.985178
0.98519
0.985202
0.985214
0.985226
0.985238
0.98525
0.985261
0.985273
0.985285
0.985297
0.985309
0.985321
0.985332
0.985344
0.985356
0.985368
0.98538
0.985391
0.985403
0.985415
0.985427
0.985438
0.98545
0.985462
0.985474
0.985485
0.985497
0.985509
0.98552
0.985532
0.985544
0.985555
0.985567
0.985578
0.98559
0.985602
0.985613
0.985625
0.985636
0.985648
0.98566
0.985671
0.985683
0.985694
0.985706
0.985717
0.985729
0.98574
0.985752
0.985763
0.985775
0.985786
0.985797
0.985809
0.98582
0.985832
0.985843
0.985855
0.985866
0.985877
0.985889
0.9859
0.985911
0.985923
0.985934
0.985945
0.985957
0.985968
0.985979
0.985991
0.986002
0.986013
0.986024
0.986036
0.986047
0.986058
0.986069
0.986081
0.986092
0.986103
0.986114
0.986125
0.986136
0.986148
0.986159
0.98617
0.986181
0.986192
0.986203
0.986214
0.986225
0.986237
0.986248
0.986259
0.98627
0.986281
0.986292
0.986303
0.986314
0.986325
0.986336
0.986347
0.986358
0.986369
0.98638
0.986391
0.986402
0.986413
0.986424
0.986435
0.986445
0.986456
0.986467
0.986478
0.986489
0.9865
0.986511
0.986522
0.986532
0.986543
0.986554
0.986565
0.986576
0.986587
0.986597
0.986608
0.986619
0.98663
0.98664
0.986651
0.986662
0.986673
0.986683
0.986694
0.986705
0.986716
0.986726
0.986737
0.986748
0.986758
0.986769
0.98678
0.98679
0.986801
0.986811
0.986822
0.986833
0.986843
0.986854
0.986864
0.986875
0.986886
0.986896
0.986907
0.986917
0.986928
0.986938
0.986949
0.986959
0.98697
0.98698
0.986991
0.987001
0.987012
0.987022
0.987032
0.987043
0.987053
0.987064
0.987074
0.987085
0.987095
0.987105
0.987116
0.987126
0.987136
0.987147
0.987157
0.987167
0.987178
0.987188
0.987198
0.987209
0.987219
0.987229
0.987239
0.98725
0.98726
0.98727
0.98728
0.987291
0.987301
0.987311
0.987321
0.987332
0.987342
0.987352
0.987362
0.987372
0.987382
0.987393
0.987403
0.987413
0.987423
0.987433
0.987443
0.987453
0.987463
0.987473
0.987484
0.987494
0.987504
0.987514
0.987524
0.987534
0.987544
0.987554
0.987564
0.987574
0.987584
0.987594
0.987604
0.987614
0.987624
0.987634
0.987644
0.987654
0.987663
0.987673
0.987683
0.987693
0.987703
0.987713
0.987723
0.987733
0.987743
0.987752
0.987762
0.987772
0.987782
0.987792
0.987802
0.987811
0.987821
0.987831
0.987841
0.987851
0.98786
0.98787
0.98788
0.98789
0.987899
0.987909
0.987919
0.987929
0.987938
0.987948
0.987958
0.987967
0.987977
0.987987
0.987996
0.988006
0.988016
0.988025
0.988035
0.988044
0.988054
0.988064
0.988073
0.988083
0.988092
0.988102
0.988112
0.988121
0.988131
0.98814
0.98815
0.988159
0.988169
0.988178
0.988188
0.988197
0.988207
0.988216
0.988226
0.988235
0.988245
0.988254
0.988264
0.988273
0.988282
0.988292
0.988301
0.988311
0.98832
0.988329
0.988339
0.988348
0.988358
0.988367
0.988376
0.988386
0.988395
0.988404
0.988414
0.988423
0.988432
0.988442
0.988451
0.98846
0.988469
0.988479
0.988488
0.988497
0.988506
0.988516
0.988525
0.988534
0.988543
0.988553
0.988562
0.988571
0.98858
0.988589
0.988599
0.988608
0.988617
0.988626
0.988635
0.988644
0.988653
0.988662
0.988672
0.988681
0.98869
0.988699
0.988708
0.988717
0.988726
0.988735
0.988744
0.988753
0.988762
0.988771
0.98878
0.988789
0.988798
0.988807
0.988816
0.988825
0.988834
0.988843
0.988852
0.988861
0.98887
0.988879
0.988888
0.988897
0.988906
0.988915
0.988924
0.988933
0.988942
0.98895
0.988959
0.988968
0.988977
0.988986
0.988995
0.989004
0.989012
0.989021
0.98903
0.989039
0.989048
0.989057
0.989065
0.989074
0.989083
0.989092
0.9891
0.989109
0.989118
0.989127
0.989135
0.989144
0.989153
0.989162
0.98917
0.989179
0.989188
0.989196
0.989205
0.989214
0.989222
0.989231
0.98924
0.989248
0.989257
0.989266
0.989274
0.989283
0.989291
0.9893
0.989309
0.989317
0.989326
0.989334
0.989343
0.989352
0.98936
0.989369
0.989377
0.989386
0.989394
0.989403
0.989411
0.98942
0.989428
0.989437
0.989445
0.989454
0.989462
0.989471
0.989479
0.989488
0.989496
0.989505
0.989513
0.989521
0.98953
0.989538
0.989547
0.989555
0.989563
0.989572
0.98958
0.989589
0.989597
0.989605
0.989614
0.989622
0.98963
0.989639
0.989647
0.989655
0.989664
0.989672
0.98968
0.989688
0.989697
0.989705
0.989713
0.989722
0.98973
0.989738
0.989746
0.989755
0.989763
0.989771
0.989779
0.989787
0.989796
0.989804
0.989812
0.98982
0.989828
0.989837
0.989845
0.989853
0.989861
0.989869
0.989877
0.989885
0.989894
0.989902
0.98991
0.989918
0.989926
0.989934
0.989942
0.98995
0.989958
0.989966
0.989974
0.989982
0.98999
0.989999
0.990007
0.990015
0.990023
0.990031
0.990039
0.990047
0.990055
0.990063
0.990071
0.990079
0.990087
0.990094
0.990102
0.99011
0.990118
0.990126
0.990134
0.990142
0.99015
0.990158
0.990166
0.990174
0.990182
0.99019
0.990197
0.990205
0.990213
0.990221
0.990229
0.990237
0.990245
0.990252
0.99026
0.990268
0.990276
0.990284
0.990291
0.990299
0.990307
0.990315
0.990323
0.99033
0.990338
0.990346
0.990354
0.990361
0.990369
0.990377
0.990385
0.990392
0.9904
0.990408
0.990415
0.990423
0.990431
0.990439
0.990446
0.990454
0.990462
0.990469
0.990477
0.990484
0.990492
0.9905
0.990507
0.990515
0.990523
0.99053
0.990538
0.990545
0.990553
0.990561
0.990568
0.990576
0.990583
0.990591
0.990598
0.990606
0.990614
0.990621
0.990629
0.990636
0.990644
0.990651
0.990659
0.990666
0.990674
0.990681
0.990689
0.990696
0.990704
0.990711
0.990718
0.990726
0.990733
0.990741
0.990748
0.990756
0.990763
0.990771
0.990778
0.990785
0.990793
0.9908
0.990807
0.990815
0.990822
0.99083
0.990837
0.990844
0.990852
0.990859
0.990866
0.990874
0.990881
0.990888
0.990896
0.990903
0.99091
0.990918
0.990925
0.990932
0.990939
0.990947
0.990954
0.990961
0.990968
0.990976
0.990983
0.99099
0.990997
0.991005
0.991012
0.991019
0.991026
0.991034
0.991041
0.991048
0.991055
0.991062
0.991069
0.991077
0.991084
0.991091
0.991098
0.991105
0.991112
0.991119
0.991127
0.991134
0.991141
0.991148
0.991155
0.991162
0.991169
0.991176
0.991183
0.991191
0.991198
0.991205
0.991212
0.991219
0.991226
0.991233
0.99124
0.991247
0.991254
0.991261
0.991268
0.991275
0.991282
0.991289
0.991296
0.991303
0.99131
0.991317
0.991324
0.991331
0.991338
0.991345
0.991352
0.991359
0.991366
0.991373
0.991379
0.991386
0.991393
0.9914
0.991407
0.991414
0.991421
0.991428
0.991435
0.991441
0.991448
0.991455
0.991462
0.991469
0.991476
0.991483
0.991489
0.991496
0.991503
0.99151
0.991517
0.991524
0.99153
0.991537
0.991544
0.991551
0.991558
0.991564
0.991571
0.991578
0.991585
0.991591
0.991598
0.991605
0.991612
0.991618
0.991625
0.991632
0.991638
0.991645
0.991652
0.991659
0.991665
0.991672
0.991679
0.991685
0.991692
0.991699
0.991705
0.991712
0.991719
0.991725
0.991732
0.991739
0.991745
0.991752
0.991758
0.991765
0.991772
0.991778
0.991785
0.991791
0.991798
0.991805
0.991811
0.991818
0.991824
0.991831
0.991837
0.991844
0.99185
0.991857
0.991864
0.99187
0.991877
0.991883
0.99189
0.991896
0.991903
0.991909
0.991916
0.991922
0.991929
0.991935
0.991942
0.991948
0.991954
0.991961
0.991967
0.991974
0.99198
0.991987
0.991993
0.992
0.992006
0.992012
0.992019
0.992025
0.992032
0.992038
0.992044
0.992051
0.992057
0.992063
0.99207
0.992076
0.992083
0.992089
0.992095
0.992102
0.992108
0.992114
0.992121
0.992127
0.992133
0.99214
0.992146
0.992152
0.992158
0.992165
0.992171
0.992177
0.992184
0.99219
0.992196
0.992202
0.992209
0.992215
0.992221
0.992227
0.992234
0.99224
0.992246
0.992252
0.992258
0.992265
0.992271
0.992277
0.992283
0.992289
0.992296
0.992302
0.992308
0.992314
0.99232
0.992327
0.992333
0.992339
0.992345
0.992351
0.992357
0.992363
0.99237
0.992376
0.992382
0.992388
0.992394
0.9924
0.992406
0.992412
0.992418
0.992424
0.99243
0.992437
0.992443
0.992449
0.992455
0.992461
0.992467
0.992473
0.992479
0.992485
0.992491
0.992497
0.992503
0.992509
0.992515
0.992521
0.992527
0.992533
0.992539
0.992545
0.992551
0.992557
0.992563
0.992569
0.992575
0.992581
0.992587
0.992593
0.992599
0.992605
0.992611
0.992616
0.992622
0.992628
0.992634
0.99264
0.992646
0.992652
0.992658
0.992664
0.99267
0.992675
0.992681
0.992687
0.992693
0.992699
0.992705
0.992711
0.992716
0.992722
0.992728
0.992734
0.99274
0.992746
0.992751
0.992757
0.992763
0.992769
0.992775
0.99278
0.992786
0.992792
0.992798
0.992804
0.992809
0.992815
0.992821
0.992827
0.992832
0.992838
0.992844
0.99285
0.992855
0.992861
0.992867
0.992873
0.992878
0.992884
0.99289
0.992895
0.992901
0.992907
0.992912
0.992918
0.992924
0.992929
0.992935
0.992941
0.992946
0.992952
0.992958
0.992963
0.992969
0.992975
0.99298
0.992986
0.992992
0.992997
0.993003
0.993008
0.993014
0.99302
0.993025
0.993031
0.993036
0.993042
0.993048
0.993053
0.993059
0.993064
0.99307
0.993075
0.993081
0.993086
0.993092
0.993098
0.993103
0.993109
0.993114
0.99312
0.993125
0.993131
0.993136
0.993142
0.993147
0.993153
0.993158
0.993164
0.993169
0.993175
0.99318
0.993186
0.993191
0.993197
0.993202
0.993207
0.993213
0.993218
0.993224
0.993229
0.993235
0.99324
0.993245
0.993251
0.993256
0.993262
0.993267
0.993272
0.993278
0.993283
0.993289
0.993294
0.993299
0.993305
0.99331
0.993315
0.993321
0.993326
0.993332
0.993337
0.993342
0.993348
0.993353
0.993358
0.993364
0.993369
0.993374
0.99338
0.993385
0.99339
0.993395
0.993401
0.993406
0.993411
0.993417
0.993422
0.993427
0.993432
0.993438
0.993443
0.993448
0.993453
0.993459
0.993464
0.993469
0.993474
0.99348
0.993485
0.99349
0.993495
0.993501
0.993506
0.993511
0.993516
0.993521
0.993527
0.993532
0.993537
0.993542
0.993547
0.993552
0.993558
0.993563
0.993568
0.993573
0.993578
0.993583
0.993589
0.993594
0.993599
0.993604
0.993609
0.993614
0.993619
0.993624
0.99363
0.993635
0.99364
0.993645
0.99365
0.993655
0.99366
0.993665
0.99367
0.993675
0.99368
0.993685
0.993691
0.993696
0.993701
0.993706
0.993711
0.993716
0.993721
0.993726
0.993731
0.993736
0.993741
0.993746
0.993751
0.993756
0.993761
0.993766
0.993771
0.993776
0.993781
0.993786
0.993791
0.993796
0.993801
0.993806
0.993811
0.993816
0.993821
0.993826
0.993831
0.993836
0.99384
0.993845
0.99385
0.993855
0.99386
0.993865
0.99387
0.993875
0.99388
0.993885
0.99389
0.993895
0.993899
0.993904
0.993909
0.993914
0.993919
0.993924
0.993929
0.993934
0.993938
0.993943
0.993948
0.993953
0.993958
0.993963
0.993968
0.993972
0.993977
0.993982
0.993987
0.993992
0.993996
0.994001
0.994006
0.994011
0.994016
0.99402
0.994025
0.99403
0.994035
0.99404
0.994044
0.994049
0.994054
0.994059
0.994063
0.994068
0.994073
0.994078
0.994082
0.994087
0.994092
0.994097
0.994101
0.994106
0.994111
0.994116
0.99412
0.994125
0.99413
0.994134
0.994139
0.994144
0.994149
0.994153
0.994158
0.994163
0.994167
0.994172
0.994177
0.994181
0.994186
0.994191
0.994195
0.9942
0.994205
0.994209
0.994214
0.994218
0.994223
0.994228
0.994232
0.994237
0.994242
0.994246
0.994251
0.994255
0.99426
0.994265
0.994269
0.994274
0.994278
0.994283
0.994288
0.994292
0.994297
0.994301
0.994306
0.99431
0.994315
0.99432
0.994324
0.994329
0.994333
0.994338
0.994342
0.994347
0.994351
0.994356
0.99436
0.994365
0.994369
0.994374
0.994378
0.994383
0.994387
0.994392
0.994396
0.994401
0.994405
0.99441
0.994414
0.994419
0.994423
0.994428
0.994432
0.994437
0.994441
0.994446
0.99445
0.994454
0.994459
0.994463
0.994468
0.994472
0.994477
0.994481
0.994486
0.99449
0.994494
0.994499
0.994503
0.994508
0.994512
0.994516
0.994521
0.994525
0.99453
0.994534
0.994538
0.994543
0.994547
0.994551
0.994556
0.99456
0.994564
0.994569
0.994573
0.994578
0.994582
0.994586
0.994591
0.994595
0.994599
0.994604
0.994608
0.994612
0.994617
0.994621
0.994625
0.994629
0.994634
0.994638
0.994642
0.994647
0.994651
0.994655
0.994659
0.994664
0.994668
0.994672
0.994677
0.994681
0.994685
0.994689
0.994694
0.994698
0.994702
0.994706
0.994711
0.994715
0.994719
0.994723
0.994728
0.994732
0.994736
0.99474
0.994744
0.994749
0.994753
0.994757
0.994761
0.994765
0.99477
0.994774
0.994778
0.994782
0.994786
0.994791
0.994795
0.994799
0.994803
0.994807
0.994811
0.994816
0.99482
0.994824
0.994828
0.994832
0.994836
0.99484
0.994845
0.994849
0.994853
0.994857
0.994861
0.994865
0.994869
0.994873
0.994877
0.994882
0.994886
0.99489
0.994894
0.994898
0.994902
0.994906
0.99491
0.994914
0.994918
0.994922
0.994926
0.994931
0.994935
0.994939
0.994943
0.994947
0.994951
0.994955
0.994959
0.994963
0.994967
0.994971
0.994975
0.994979
0.994983
0.994987
0.994991
0.994995
0.994999
0.995003
0.995007
0.995011
0.995015
0.995019
0.995023
0.995027
0.995031
0.995035
0.995039
0.995043
0.995047
0.995051
0.995055
0.995059
0.995063
0.995067
0.995071
0.995075
0.995079
0.995083
0.995086
0.99509
0.995094
0.995098
0.995102
0.995106
0.99511
0.995114
0.995118
0.995122
0.995126
0.99513
0.995134
0.995137
0.995141
0.995145
0.995149
0.995153
0.995157
0.995161
0.995165
0.995168
0.995172
0.995176
0.99518
0.995184
0.995188
0.995192
0.995195
0.995199
0.995203
0.995207
0.995211
0.995215
0.995219
0.995222
0.995226
0.99523
0.995234
0.995238
0.995241
0.995245
0.995249
0.995253
0.995257
0.99526
0.995264
0.995268
0.995272
0.995276
0.995279
0.995283
0.995287
0.995291
0.995295
0.995298
0.995302
0.995306
0.99531
0.995313
0.995317
0.995321
0.995325
0.995328
0.995332
0.995336
0.99534
0.995343
0.995347
0.995351
0.995354
0.995358
0.995362
0.995366
0.995369
0.995373
0.995377
0.99538
0.995384
0.995388
0.995392
0.995395
0.995399
0.995403
0.995406
0.99541
0.995414
0.995417
0.995421
0.995425
0.995428
0.995432
0.995436
0.995439
0.995443
0.995447
0.99545
0.995454
0.995457
0.995461
0.995465
0.995468
0.995472
0.995476
0.995479
0.995483
0.995487
0.99549
0.995494
0.995497
0.995501
0.995505
0.995508
0.995512
0.995515
0.995519
0.995523
0.995526
0.99553
0.995533
0.995537
0.99554
0.995544
0.995548
0.995551
0.995555
0.995558
0.995562
0.995565
0.995569
0.995572
0.995576
0.99558
0.995583
0.995587
0.99559
0.995594
0.995597
0.995601
0.995604
0.995608
0.995611
0.995615
0.995618
0.995622
0.995625
0.995629
0.995632
0.995636
0.995639
0.995643
0.995646
0.99565
0.995653
0.995657
0.99566
0.995664
0.995667
0.995671
0.995674
0.995678
0.995681
0.995684
0.995688
0.995691
0.995695
0.995698
0.995702
0.995705
0.995709
0.995712
0.995715
0.995719
0.995722
0.995726
0.995729
0.995733
0.995736
0.995739
0.995743
0.995746
0.99575
0.995753
0.995756
0.99576
0.995763
0.995767
0.99577
0.995773
0.995777
0.99578
0.995784
0.995787
0.99579
0.995794
0.995797
0.9958
0.995804
0.995807
0.995811
0.995814
0.995817
0.995821
0.995824
0.995827
0.995831
0.995834
0.995837
0.995841
0.995844
0.995847
0.995851
0.995854
0.995857
0.995861
0.995864
0.995867
0.99587
0.995874
0.995877
0.99588
0.995884
0.995887
0.99589
0.995894
0.995897
0.9959
0.995903
0.995907
0.99591
0.995913
0.995917
0.99592
0.995923
0.995926
0.99593
0.995933
0.995936
0.995939
0.995943
0.995946
0.995949
0.995952
0.995956
0.995959
0.995962
0.995965
0.995968
0.995972
0.995975
0.995978
0.995981
0.995985
0.995988
0.995991
0.995994
0.995997
0.996001
0.996004
0.996007
0.99601
0.996013
0.996017
0.99602
0.996023
0.996026
0.996029
0.996033
0.996036
0.996039
0.996042
0.996045
0.996048
0.996052
0.996055
0.996058
0.996061
0.996064
0.996067
0.99607
0.996074
0.996077
0.99608
0.996083
0.996086
0.996089
0.996092
0.996096
0.996099
0.996102
0.996105
0.996108
0.996111
0.996114
0.996117
0.996121
0.996124
0.996127
0.99613
0.996133
0.996136
0.996139
0.996142
0.996145
0.996148
0.996151
0.996155
0.996158
0.996161
0.996164
0.996167
0.99617
0.996173
0.996176
0.996179
0.996182
0.996185
0.996188
0.996191
0.996194
0.996197
0.9962
0.996203
0.996207
0.99621
0.996213
0.996216
0.996219
0.996222
0.996225
0.996228
0.996231
0.996234
0.996237
0.99624
0.996243
0.996246
0.996249
0.996252
0.996255
0.996258
0.996261
0.996264
0.996267
0.99627
0.996273
0.996276
0.996279
0.996282
0.996285
0.996288
0.996291
0.996294
0.996297
0.9963
0.996302
0.996305
0.996308
0.996311
0.996314
0.996317
0.99632
0.996323
0.996326
0.996329
0.996332
0.996335
0.996338
0.996341
0.996344
0.996347
0.99635
0.996352
0.996355
0.996358
0.996361
0.996364
0.996367
0.99637
0.996373
0.996376
0.996379
0.996382
0.996384
0.996387
0.99639
0.996393
0.996396
0.996399
0.996402
0.996405
0.996408
0.99641
0.996413
0.996416
0.996419
0.996422
0.996425
0.996428
0.99643
0.996433
0.996436
0.996439
0.996442
0.996445
0.996448
0.99645
0.996453
0.996456
0.996459
0.996462
0.996465
0.996467
0.99647
0.996473
0.996476
0.996479
0.996482
0.996484
0.996487
0.99649
0.996493
0.996496
0.996498
0.996501
0.996504
0.996507
0.99651
0.996512
0.996515
0.996518
0.996521
0.996524
0.996526
0.996529
0.996532
0.996535
0.996537
0.99654
0.996543
0.996546
0.996549
0.996551
0.996554
0.996557
0.99656
0.996562
0.996565
0.996568
0.996571
0.996573
0.996576
0.996579
0.996582
0.996584
0.996587
0.99659
0.996592
0.996595
0.996598
0.996601
0.996603
0.996606
0.996609
0.996611
0.996614
0.996617
0.99662
0.996622
0.996625
0.996628
0.99663
0.996633
0.996636
0.996638
0.996641
0.996644
0.996647
0.996649
0.996652
0.996655
0.996657
0.99666
0.996663
0.996665
0.996668
0.996671
0.996673
0.996676
0.996679
0.996681
0.996684
0.996687
0.996689
0.996692
0.996695
0.996697
0.9967
0.996702
0.996705
0.996708
0.99671
0.996713
0.996716
0.996718
0.996721
0.996724
0.996726
0.996729
0.996731
0.996734
0.996737
0.996739
0.996742
0.996744
0.996747
0.99675
0.996752
0.996755
0.996757
0.99676
0.996763
0.996765
0.996768
0.99677
0.996773
0.996776
0.996778
0.996781
0.996783
0.996786
0.996788
0.996791
0.996794
0.996796
0.996799
0.996801
0.996804
0.996806
0.996809
0.996811
0.996814
0.996817
0.996819
0.996822
0.996824
0.996827
0.996829
0.996832
0.996834
0.996837
0.996839
0.996842
0.996844
0.996847
0.99685
0.996852
0.996855
0.996857
0.99686
0.996862
0.996865
0.996867
0.99687
0.996872
0.996875
0.996877
0.99688
0.996882
0.996885
0.996887
0.99689
0.996892
0.996895
0.996897
0.9969
0.996902
0.996905
0.996907
0.996909
0.996912
0.996914
0.996917
0.996919
0.996922
0.996924
0.996927
0.996929
0.996932
0.996934
0.996937
0.996939
0.996941
0.996944
0.996946
0.996949
0.996951
0.996954
0.996956
0.996959
0.996961
0.996963
0.996966
0.996968
0.996971
0.996973
0.996976
0.996978
0.99698
0.996983
0.996985
0.996988
0.99699
0.996992
0.996995
0.996997
0.997
0.997002
0.997004
0.997007
0.997009
0.997012
0.997014
0.997016
0.997019
0.997021
0.997024
0.997026
0.997028
0.997031
0.997033
0.997035
0.997038
0.99704
0.997043
0.997045
0.997047
0.99705
0.997052
0.997054
0.997057
0.997059
0.997061
0.997064
0.997066
0.997068
0.997071
0.997073
0.997076
0.997078
0.99708
0.997083
0.997085
0.997087
0.99709
0.997092
0.997094
0.997097
0.997099
0.997101
0.997103
0.997106
0.997108
0.99711
0.997113
0.997115
0.997117
0.99712
0.997122
0.997124
0.997127
0.997129
0.997131
0.997133
0.997136
0.997138
0.99714
0.997143
0.997145
0.997147
0.997149
0.997152
0.997154
0.997156
0.997159
0.997161
0.997163
0.997165
0.997168
0.99717
0.997172
0.997174
0.997177
0.997179
0.997181
0.997183
0.997186
0.997188
0.99719
0.997192
0.997195
0.997197
0.997199
0.997201
0.997204
0.997206
0.997208
0.99721
0.997213
0.997215
0.997217
0.997219
0.997222
0.997224
0.997226
0.997228
0.99723
0.997233
0.997235
0.997237
0.997239
0.997241
0.997244
0.997246
0.997248
0.99725
0.997252
0.997255
0.997257
0.997259
0.997261
0.997263
0.997266
0.997268
0.99727
0.997272
0.997274
0.997277
0.997279
0.997281
0.997283
0.997285
0.997287
0.99729
0.997292
0.997294
0.997296
0.997298
0.9973
0.997303
0.997305
0.997307
0.997309
0.997311
0.997313
0.997316
0.997318
0.99732
0.997322
0.997324
0.997326
0.997328
0.997331
0.997333
0.997335
0.997337
0.997339
0.997341
0.997343
0.997345
0.997348
0.99735
0.997352
0.997354
0.997356
0.997358
0.99736
0.997362
0.997364
0.997367
0.997369
0.997371
0.997373
0.997375
0.997377
0.997379
0.997381
0.997383
0.997385
0.997388
0.99739
0.997392
0.997394
0.997396
0.997398
0.9974
0.997402
0.997404
0.997406
0.997408
0.99741
0.997413
0.997415
0.997417
0.997419
0.997421
0.997423
0.997425
0.997427
0.997429
0.997431
0.997433
0.997435
0.997437
0.997439
0.997441
0.997443
0.997445
0.997447
0.99745
0.997452
0.997454
0.997456
0.997458
0.99746
0.997462
0.997464
0.997466
0.997468
0.99747
0.997472
0.997474
0.997476
0.997478
0.99748
0.997482
0.997484
0.997486
0.997488
0.99749
0.997492
0.997494
0.997496
0.997498
0.9975
0.997502
0.997504
0.997506
0.997508
0.99751
0.997512
0.997514
0.997516
0.997518
0.99752
0.997522
0.997524
0.997526
0.997528
0.99753
0.997532
0.997534
0.997536
0.997538
0.99754
0.997542
0.997544
0.997546
0.997548
0.99755
0.997552
0.997553
0.997555
0.997557
0.997559
0.997561
0.997563
0.997565
0.997567
0.997569
0.997571
0.997573
0.997575
0.997577
0.997579
0.997581
0.997583
0.997585
0.997587
0.997588
0.99759
0.997592
0.997594
0.997596
0.997598
0.9976
0.997602
0.997604
0.997606
0.997608
0.99761
0.997611
0.997613
0.997615
0.997617
0.997619
0.997621
0.997623
0.997625
0.997627
0.997629
0.997631
0.997632
0.997634
0.997636
0.997638
0.99764
0.997642
0.997644
0.997646
0.997648
0.997649
0.997651
0.997653
0.997655
0.997657
0.997659
0.997661
0.997663
0.997664
0.997666
0.997668
0.99767
0.997672
0.997674
0.997676
0.997677
0.997679
0.997681
0.997683
0.997685
0.997687
0.997689
0.99769
0.997692
0.997694
0.997696
0.997698
0.9977
0.997701
0.997703
0.997705
0.997707
0.997709
0.997711
0.997712
0.997714
0.997716
0.997718
0.99772
0.997722
0.997723
0.997725
0.997727
0.997729
0.997731
0.997733
0.997734
0.997736
0.997738
0.99774
0.997742
0.997743
0.997745
0.997747
0.997749
0.997751
0.997752
0.997754
0.997756
0.997758
0.99776
0.997761
0.997763
0.997765
0.997767
0.997769
0.99777
0.997772
0.997774
0.997776
0.997777
0.997779
0.997781
0.997783
0.997785
0.997786
0.997788
0.99779
0.997792
0.997793
0.997795
0.997797
0.997799
0.9978
0.997802
0.997804
0.997806
0.997807
0.997809
0.997811
0.997813
0.997814
0.997816
0.997818
0.99782
0.997821
0.997823
0.997825
0.997827
0.997828
0.99783
0.997832
0.997834
0.997835
0.997837
0.997839
0.997841
0.997842
0.997844
0.997846
0.997847
0.997849
0.997851
0.997853
0.997854
0.997856
0.997858
0.997859
0.997861
0.997863
0.997865
0.997866
0.997868
0.99787
0.997871
0.997873
0.997875
0.997877
0.997878
0.99788
0.997882
0.997883
0.997885
0.997887
0.997888
0.99789
0.997892
0.997893
0.997895
0.997897
0.997898
0.9979
0.997902
0.997904
0.997905
0.997907
0.997909
0.99791
0.997912
0.997914
0.997915
0.997917
0.997919
0.99792
0.997922
0.997924
0.997925
0.997927
0.997929
0.99793
0.997932
0.997933
0.997935
0.997937
0.997938
0.99794
0.997942
0.997943
0.997945
0.997947
0.997948
0.99795
0.997952
0.997953
0.997955
0.997957
0.997958
0.99796
0.997961
0.997963
0.997965
0.997966
0.997968
0.99797
0.997971
0.997973
0.997974
0.997976
0.997978
0.997979
0.997981
0.997982
0.997984
0.997986
0.997987
0.997989
0.997991
0.997992
0.997994
0.997995
0.997997
0.997999
0.998
0.998002
0.998003
0.998005
0.998007
0.998008
0.99801
0.998011
0.998013
0.998015
0.998016
0.998018
0.998019
0.998021
0.998022
0.998024
0.998026
0.998027
0.998029
0.99803
0.998032
0.998033
0.998035
0.998037
0.998038
0.99804
0.998041
0.998043
0.998044
0.998046
0.998048
0.998049
0.998051
0.998052
0.998054
0.998055
0.998057
0.998058
0.99806
0.998062
0.998063
0.998065
0.998066
0.998068
0.998069
0.998071
0.998072
0.998074
0.998075
0.998077
0.998079
0.99808
0.998082
0.998083
0.998085
0.998086
0.998088
0.998089
0.998091
0.998092
0.998094
0.998095
0.998097
0.998098
0.9981
0.998101
0.998103
0.998105
0.998106
0.998108
0.998109
0.998111
0.998112
0.998114
0.998115
0.998117
0.998118
0.99812
0.998121
0.998123
0.998124
0.998126
0.998127
0.998129
0.99813
0.998132
0.998133
0.998135
0.998136
0.998138
0.998139
0.998141
0.998142
0.998144
0.998145
0.998146
0.998148
0.998149
0.998151
0.998152
0.998154
0.998155
0.998157
0.998158
0.99816
0.998161
0.998163
0.998164
0.998166
0.998167
0.998169
0.99817
0.998172
0.998173
0.998174
0.998176
0.998177
0.998179
0.99818
0.998182
0.998183
0.998185
0.998186
0.998188
0.998189
0.99819
0.998192
0.998193
0.998195
0.998196
0.998198
0.998199
0.998201
0.998202
0.998203
0.998205
0.998206
0.998208
0.998209
0.998211
0.998212
0.998213
0.998215
0.998216
0.998218
0.998219
0.998221
0.998222
0.998223
0.998225
0.998226
0.998228
0.998229
0.998231
0.998232
0.998233
0.998235
0.998236
0.998238
0.998239
0.99824
0.998242
0.998243
0.998245
0.998246
0.998247
0.998249
0.99825
0.998252
0.998253
0.998254
0.998256
0.998257
0.998259
0.99826
0.998261
0.998263
0.998264
0.998266
0.998267
0.998268
0.99827
0.998271
0.998272
0.998274
0.998275
0.998277
0.998278
0.998279
0.998281
0.998282
0.998283
0.998285
0.998286
0.998288
0.998289
0.99829
0.998292
0.998293
0.998294
0.998296
0.998297
0.998299
0.9983
0.998301
0.998303
0.998304
0.998305
0.998307
0.998308
0.998309
0.998311
0.998312
0.998313
0.998315
0.998316
0.998317
0.998319
0.99832
0.998322
0.998323
0.998324
0.998326
0.998327
0.998328
0.99833
0.998331
0.998332
0.998334
0.998335
0.998336
0.998338
0.998339
0.99834
0.998342
0.998343
0.998344
0.998345
0.998347
0.998348
0.998349
0.998351
0.998352
0.998353
0.998355
0.998356
0.998357
0.998359
0.99836
0.998361
0.998363
0.998364
0.998365
0.998367
0.998368
0.998369
0.99837
0.998372
0.998373
0.998374
0.998376
0.998377
0.998378
0.99838
0.998381
0.998382
0.998383
0.998385
0.998386
0.998387
0.998389
0.99839
0.998391
0.998392
0.998394
0.998395
0.998396
0.998398
0.998399
0.9984
0.998401
0.998403
0.998404
0.998405
0.998407
0.998408
0.998409
0.99841
0.998412
0.998413
0.998414
0.998415
0.998417
0.998418
0.998419
0.99842
0.998422
0.998423
0.998424
0.998426
0.998427
0.998428
0.998429
0.998431
0.998432
0.998433
0.998434
0.998436
0.998437
0.998438
0.998439
0.998441
0.998442
0.998443
0.998444
0.998446
0.998447
0.998448
0.998449
0.998451
0.998452
0.998453
0.998454
0.998455
0.998457
0.998458
0.998459
0.99846
0.998462
0.998463
0.998464
0.998465
0.998467
0.998468
0.998469
0.99847
0.998471
0.998473
0.998474
0.998475
0.998476
0.998478
0.998479
0.99848
0.998481
0.998482
0.998484
0.998485
0.998486
0.998487
0.998488
0.99849
0.998491
0.998492
0.998493
0.998494
0.998496
0.998497
0.998498
0.998499
0.9985
0.998502
0.998503
0.998504
0.998505
0.998506
0.998508
0.998509
0.99851
0.998511
0.998512
0.998514
0.998515
0.998516
0.998517
0.998518
0.99852
0.998521
0.998522
0.998523
0.998524
0.998525
0.998527
0.998528
0.998529
0.99853
0.998531
0.998533
0.998534
0.998535
0.998536
0.998537
0.998538
0.99854
0.998541
0.998542
0.998543
0.998544
0.998545
0.998547
0.998548
0.998549
0.99855
0.998551
0.998552
0.998553
0.998555
0.998556
0.998557
0.998558
0.998559
0.99856
0.998562
0.998563
0.998564
0.998565
0.998566
0.998567
0.998568
0.99857
0.998571
0.998572
0.998573
0.998574
0.998575
0.998576
0.998578
0.998579
0.99858
0.998581
0.998582
0.998583
0.998584
0.998586
0.998587
0.998588
0.998589
0.99859
0.998591
0.998592
0.998593
0.998595
0.998596
0.998597
0.998598
0.998599
0.9986
0.998601
0.998602
0.998604
0.998605
0.998606
0.998607
0.998608
0.998609
0.99861
0.998611
0.998612
0.998614
0.998615
0.998616
0.998617
0.998618
0.998619
0.99862
0.998621
0.998622
0.998623
0.998625
0.998626
0.998627
0.998628
0.998629
0.99863
0.998631
0.998632
0.998633
0.998634
0.998636
0.998637
0.998638
0.998639
0.99864
0.998641
0.998642
0.998643
0.998644
0.998645
0.998646
0.998647
0.998649
0.99865
0.998651
0.998652
0.998653
0.998654
0.998655
0.998656
0.998657
0.998658
0.998659
0.99866
0.998661
0.998663
0.998664
0.998665
0.998666
0.998667
0.998668
0.998669
0.99867
0.998671
0.998672
0.998673
0.998674
0.998675
0.998676
0.998677
0.998678
0.99868
0.998681
0.998682
0.998683
0.998684
0.998685
0.998686
0.998687
0.998688
0.998689
0.99869
0.998691
0.998692
0.998693
0.998694
0.998695
0.998696
0.998697
0.998698
0.998699
0.9987
0.998702
0.998703
0.998704
0.998705
0.998706
0.998707
0.998708
0.998709
0.99871
0.998711
0.998712
0.998713
0.998714
0.998715
0.998716
0.998717
0.998718
0.998719
0.99872
0.998721
0.998722
0.998723
0.998724
0.998725
0.998726
0.998727
0.998728
0.998729
0.99873
0.998731
0.998732
0.998733
0.998734
0.998735
0.998736
0.998737
0.998738
0.998739
0.99874
0.998741
0.998742
0.998743
0.998744
0.998745
0.998746
0.998747
0.998748
0.998749
0.99875
0.998751
0.998752
0.998753
0.998754
0.998755
0.998756
0.998757
0.998758
0.998759
0.99876
0.998761
0.998762
0.998763
0.998764
0.998765
0.998766
0.998767
0.998768
0.998769
0.99877
0.998771
0.998772
0.998773
0.998774
0.998775
0.998776
0.998777
0.998778
0.998779
0.99878
0.998781
0.998782
0.998783
0.998784
0.998785
0.998786
0.998787
0.998788
0.998789
0.99879
0.998791
0.998792
0.998793
0.998794
0.998795
0.998796
0.998796
0.998797
0.998798
0.998799
0.9988
0.998801
0.998802
0.998803
0.998804
0.998805
0.998806
0.998807
0.998808
0.998809
0.99881
0.998811
0.998812
0.998813
0.998814
0.998815
0.998816
0.998817
0.998817
0.998818
0.998819
0.99882
0.998821
0.998822
0.998823
0.998824
0.998825
0.998826
0.998827
0.998828
0.998829
0.99883
0.998831
0.998832
0.998833
0.998833
0.998834
0.998835
0.998836
0.998837
0.998838
0.998839
0.99884
0.998841
0.998842
0.998843
0.998844
0.998845
0.998846
0.998846
0.998847
0.998848
0.998849
0.99885
0.998851
0.998852
0.998853
0.998854
0.998855
0.998856
0.998857
0.998857
0.998858
0.998859
0.99886
0.998861
0.998862
0.998863
0.998864
0.998865
0.998866
0.998867
0.998867
0.998868
0.998869
0.99887
0.998871
0.998872
0.998873
0.998874
0.998875
0.998876
0.998876
0.998877
0.998878
0.998879
0.99888
0.998881
0.998882
0.998883
0.998884
0.998885
0.998885
0.998886
0.998887
0.998888
0.998889
0.99889
0.998891
0.998892
0.998893
0.998893
0.998894
0.998895
0.998896
0.998897
0.998898
0.998899
0.9989
0.9989
0.998901
0.998902
0.998903
0.998904
0.998905
0.998906
0.998907
0.998907
0.998908
0.998909
0.99891
0.998911
0.998912
0.998913
0.998914
0.998914
0.998915
0.998916
0.998917
0.998918
0.998919
0.99892
0.99892
0.998921
0.998922
0.998923
0.998924
0.998925
0.998926
0.998927
0.998927
0.998928
0.998929
0.99893
0.998931
0.998932
0.998933
0.998933
0.998934
0.998935
0.998936
0.998937
0.998938
0.998938
0.998939
0.99894
0.998941
0.998942
0.998943
0.998944
0.998944
0.998945
0.998946
0.998947
0.998948
0.998949
0.998949
0.99895
0.998951
0.998952
0.998953
0.998954
0.998954
0.998955
0.998956
0.998957
0.998958
0.998959
0.998959
0.99896
0.998961
0.998962
0.998963
0.998964
0.998964
0.998965
0.998966
0.998967
0.998968
0.998969
0.998969
0.99897
0.998971
0.998972
0.998973
0.998974
0.998974
0.998975
0.998976
0.998977
0.998978
0.998978
0.998979
0.99898
0.998981
0.998982
0.998983
0.998983
0.998984
0.998985
0.998986
0.998987
0.998987
0.998988
0.998989
0.99899
0.998991
0.998991
0.998992
0.998993
0.998994
0.998995
0.998995
0.998996
0.998997
0.998998
0.998999
0.998999
0.999
0.999001
0.999002
0.999003
0.999003
0.999004
0.999005
0.999006
0.999007
0.999007
0.999008
0.999009
0.99901
0.999011
0.999011
0.999012
0.999013
0.999014
0.999015
0.999015
0.999016
0.999017
0.999018
0.999018
0.999019
0.99902
0.999021
0.999022
0.999022
0.999023
0.999024
0.999025
0.999026
0.999026
0.999027
0.999028
0.999029
0.999029
0.99903
0.999031
0.999032
0.999032
0.999033
0.999034
0.999035
0.999036
0.999036
0.999037
0.999038
0.999039
0.999039
0.99904
0.999041
0.999042
0.999042
0.999043
0.999044
0.999045
0.999046
0.999046
0.999047
0.999048
0.999049
0.999049
0.99905
0.999051
0.999052
0.999052
0.999053
0.999054
0.999055
0.999055
0.999056
0.999057
0.999058
0.999058
0.999059
0.99906
0.999061
0.999061
0.999062
0.999063
0.999064
0.999064
0.999065
0.999066
0.999067
0.999067
0.999068
0.999069
0.99907
0.99907
0.999071
0.999072
0.999073
0.999073
0.999074
0.999075
0.999076
0.999076
0.999077
0.999078
0.999079
0.999079
0.99908
0.999081
0.999081
0.999082
0.999083
0.999084
0.999084
0.999085
0.999086
0.999087
0.999087
0.999088
0.999089
0.99909
0.99909
0.999091
0.999092
0.999092
0.999093
0.999094
0.999095
0.999095
0.999096
0.999097
0.999097
0.999098
0.999099
0.9991
0.9991
0.999101
0.999102
0.999103
0.999103
0.999104
0.999105
0.999105
0.999106
0.999107
0.999108
0.999108
0.999109
0.99911
0.99911
0.999111
0.999112
0.999113
0.999113
0.999114
0.999115
0.999115
0.999116
0.999117
0.999117
0.999118
0.999119
0.99912
0.99912
0.999121
0.999122
0.999122
0.999123
0.999124
0.999125
0.999125
0.999126
0.999127
0.999127
0.999128
0.999129
0.999129
0.99913
0.999131
0.999131
0.999132
0.999133
0.999134
0.999134
0.999135
0.999136
0.999136
0.999137
0.999138
0.999138
0.999139
0.99914
0.99914
0.999141
0.999142
0.999143
0.999143
0.999144
0.999145
0.999145
0.999146
0.999147
0.999147
0.999148
0.999149
0.999149
0.99915
0.999151
0.999151
0.999152
0.999153
0.999153
0.999154
0.999155
0.999155
0.999156
0.999157
0.999157
0.999158
0.999159
0.999159
0.99916
0.999161
0.999161
0.999162
0.999163
0.999163
0.999164
0.999165
0.999166
0.999166
0.999167
0.999168
0.999168
0.999169
0.999169
0.99917
0.999171
0.999171
0.999172
0.999173
0.999173
0.999174
0.999175
0.999175
0.999176
0.999177
0.999177
0.999178
0.999179
0.999179
0.99918
0.999181
0.999181
0.999182
0.999183
0.999183
0.999184
0.999185
0.999185
0.999186
0.999187
0.999187
0.999188
0.999189
0.999189
0.99919
0.99919
0.999191
0.999192
0.999192
0.999193
0.999194
0.999194
0.999195
0.999196
0.999196
0.999197
0.999198
0.999198
0.999199
0.999199
0.9992
0.999201
0.999201
0.999202
0.999203
0.999203
0.999204
0.999205
0.999205
0.999206
0.999206
0.999207
0.999208
0.999208
0.999209
0.99921
0.99921
0.999211
0.999212
0.999212
0.999213
0.999213
0.999214
0.999215
0.999215
0.999216
0.999217
0.999217
0.999218
0.999218
0.999219
0.99922
0.99922
0.999221
0.999222
0.999222
0.999223
0.999223
0.999224
0.999225
0.999225
0.999226
0.999227
0.999227
0.999228
0.999228
0.999229
0.99923
0.99923
0.999231
0.999231
0.999232
0.999233
0.999233
0.999234
0.999235
0.999235
0.999236
0.999236
0.999237
0.999238
0.999238
0.999239
0.999239
0.99924
0.999241
0.999241
0.999242
0.999242
0.999243
0.999244
0.999244
0.999245
0.999245
0.999246
0.999247
0.999247
0.999248
0.999248
0.999249
0.99925
0.99925
0.999251
0.999251
0.999252
0.999253
0.999253
0.999254
0.999254
0.999255
0.999256
0.999256
0.999257
0.999257
0.999258
0.999259
0.999259
0.99926
0.99926
0.999261
0.999262
0.999262
0.999263
0.999263
0.999264
0.999265
0.999265
0.999266
0.999266
0.999267
0.999267
0.999268
0.999269
0.999269
0.99927
0.99927
0.999271
0.999272
0.999272
0.999273
0.999273
0.999274
0.999274
0.999275
0.999276
0.999276
0.999277
0.999277
0.999278
0.999278
0.999279
0.99928
0.99928
0.999281
0.999281
0.999282
0.999283
0.999283
0.999284
0.999284
0.999285
0.999285
0.999286
0.999287
0.999287
0.999288
0.999288
0.999289
0.999289
0.99929
0.999291
0.999291
0.999292
0.999292
0.999293
0.999293
0.999294
0.999294
0.999295
0.999296
0.999296
0.999297
0.999297
0.999298
0.999298
0.999299
0.9993
0.9993
0.999301
0.999301
0.999302
0.999302
0.999303
0.999303
0.999304
0.999305
0.999305
0.999306
0.999306
0.999307
0.999307
0.999308
0.999308
0.999309
0.99931
0.99931
0.999311
0.999311
0.999312
0.999312
0.999313
0.999313
0.999314
0.999314
0.999315
0.999316
0.999316
0.999317
0.999317
0.999318
0.999318
0.999319
0.999319
0.99932
0.99932
0.999321
0.999322
0.999322
0.999323
0.999323
0.999324
0.999324
0.999325
0.999325
0.999326
0.999326
0.999327
0.999328
0.999328
0.999329
0.999329
0.99933
0.99933
0.999331
0.999331
0.999332
0.999332
0.999333
0.999333
0.999334
0.999334
0.999335
0.999336
0.999336
0.999337
0.999337
0.999338
0.999338
0.999339
0.999339
0.99934
0.99934
0.999341
0.999341
0.999342
0.999342
0.999343
0.999343
0.999344
0.999344
0.999345
0.999346
0.999346
0.999347
0.999347
0.999348
0.999348
0.999349
0.999349
0.99935
0.99935
0.999351
0.999351
0.999352
0.999352
0.999353
0.999353
0.999354
0.999354
0.999355
0.999355
0.999356
0.999356
0.999357
0.999357
0.999358
0.999358
0.999359
0.99936
0.99936
0.999361
0.999361
0.999362
0.999362
0.999363
0.999363
0.999364
0.999364
0.999365
0.999365
0.999366
0.999366
0.999367
0.999367
0.999368
0.999368
0.999369
0.999369
0.99937
0.99937
0.999371
0.999371
0.999372
0.999372
0.999373
0.999373
0.999374
0.999374
0.999375
0.999375
0.999376
0.999376
0.999377
0.999377
0.999378
0.999378
0.999379
0.999379
0.99938
0.99938
0.999381
0.999381
0.999382
0.999382
0.999383
0.999383
0.999384
0.999384
0.999385
0.999385
0.999386
0.999386
0.999387
0.999387
0.999388
0.999388
0.999389
0.999389
0.999389
0.99939
0.99939
0.999391
0.999391
0.999392
0.999392
0.999393
0.999393
0.999394
0.999394
0.999395
0.999395
0.999396
0.999396
0.999397
0.999397
0.999398
0.999398
0.999399
0.999399
0.9994
0.9994
0.999401
0.999401
0.999402
0.999402
0.999403
0.999403
0.999403
0.999404
0.999404
0.999405
0.999405
0.999406
0.999406
0.999407
0.999407
0.999408
0.999408
0.999409
0.999409
0.99941
0.99941
0.999411
0.999411
0.999412
0.999412
0.999412
0.999413
0.999413
0.999414
0.999414
0.999415
0.999415
0.999416
0.999416
0.999417
0.999417
0.999418
0.999418
0.999419
0.999419
0.999419
0.99942
0.99942
0.999421
0.999421
0.999422
0.999422
0.999423
0.999423
0.999424
0.999424
0.999425
0.999425
0.999425
0.999426
0.999426
0.999427
0.999427
0.999428
0.999428
0.999429
0.999429
0.99943
0.99943
0.999431
0.999431
0.999431
0.999432
0.999432
0.999433
0.999433
0.999434
0.999434
0.999435
0.999435
0.999435
0.999436
0.999436
0.999437
0.999437
0.999438
0.999438
0.999439
0.999439
0.99944
0.99944
0.99944
0.999441
0.999441
0.999442
0.999442
0.999443
0.999443
0.999444
0.999444
0.999444
0.999445
0.999445
0.999446
0.999446
0.999447
0.999447
0.999448
0.999448
0.999448
0.999449
0.999449
0.99945
0.99945
0.999451
0.999451
0.999452
0.999452
0.999452
0.999453
0.999453
0.999454
0.999454
0.999455
0.999455
0.999455
0.999456
0.999456
0.999457
0.999457
0.999458
0.999458
0.999458
0.999459
0.999459
0.99946
0.99946
0.999461
0.999461
0.999461
0.999462
0.999462
0.999463
0.999463
0.999464
0.999464
0.999465
0.999465
0.999465
0.999466
0.999466
0.999467
0.999467
0.999467
0.999468
0.999468
0.999469
0.999469
0.99947
0.99947
0.99947
0.999471
0.999471
0.999472
0.999472
0.999473
0.999473
0.999473
0.999474
0.999474
0.999475
0.999475
0.999476
0.999476
0.999476
0.999477
0.999477
0.999478
0.999478
0.999478
0.999479
0.999479
0.99948
0.99948
0.999481
0.999481
0.999481
0.999482
0.999482
0.999483
0.999483
0.999483
0.999484
0.999484
0.999485
0.999485
0.999485
0.999486
0.999486
0.999487
0.999487
0.999488
0.999488
0.999488
0.999489
0.999489
0.99949
0.99949
0.99949
0.999491
0.999491
0.999492
0.999492
0.999492
0.999493
0.999493
0.999494
0.999494
0.999494
0.999495
0.999495
0.999496
0.999496
0.999496
0.999497
0.999497
0.999498
0.999498
0.999498
0.999499
0.999499
0.9995
0.9995
0.9995
0.999501
0.999501
0.999502
0.999502
0.999502
0.999503
0.999503
0.999504
0.999504
0.999504
0.999505
0.999505
0.999506
0.999506
0.999506
0.999507
0.999507
0.999508
0.999508
0.999508
0.999509
0.999509
0.99951
0.99951
0.99951
0.999511
0.999511
0.999512
0.999512
0.999512
0.999513
0.999513
0.999513
0.999514
0.999514
0.999515
0.999515
0.999515
0.999516
0.999516
0.999517
0.999517
0.999517
0.999518
0.999518
0.999519
0.999519
0.999519
0.99952
0.99952
0.99952
0.999521
0.999521
0.999522
0.999522
0.999522
0.999523
0.999523
0.999523
0.999524
0.999524
0.999525
0.999525
0.999525
0.999526
0.999526
0.999527
0.999527
0.999527
0.999528
0.999528
0.999528
0.999529
0.999529
0.99953
0.99953
0.99953
0.999531
0.999531
0.999531
0.999532
0.999532
0.999533
0.999533
0.999533
0.999534
0.999534
0.999534
0.999535
0.999535
0.999536
0.999536
0.999536
0.999537
0.999537
0.999537
0.999538
0.999538
0.999538
0.999539
0.999539
0.99954
0.99954
0.99954
0.999541
0.999541
0.999541
0.999542
0.999542
0.999543
0.999543
0.999543
0.999544
0.999544
0.999544
0.999545
0.999545
0.999545
0.999546
0.999546
0.999547
0.999547
0.999547
0.999548
0.999548
0.999548
0.999549
0.999549
0.999549
0.99955
0.99955
0.99955
0.999551
0.999551
0.999552
0.999552
0.999552
0.999553
0.999553
0.999553
0.999554
0.999554
0.999554
0.999555
0.999555
0.999555
0.999556
0.999556
0.999557
0.999557
0.999557
0.999558
0.999558
0.999558
0.999559
0.999559
0.999559
0.99956
0.99956
0.99956
0.999561
0.999561
0.999561
0.999562
0.999562
0.999563
0.999563
0.999563
0.999564
0.999564
0.999564
0.999565
0.999565
0.999565
0.999566
0.999566
0.999566
0.999567
0.999567
0.999567
0.999568
0.999568
0.999568
0.999569
0.999569
0.999569
0.99957
0.99957
0.999571
0.999571
0.999571
0.999572
0.999572
0.999572
0.999573
0.999573
0.999573
0.999574
0.999574
0.999574
0.999575
0.999575
0.999575
0.999576
0.999576
0.999576
0.999577
0.999577
0.999577
0.999578
0.999578
0.999578
0.999579
0.999579
0.999579
0.99958
0.99958
0.99958
0.999581
0.999581
0.999581
0.999582
0.999582
0.999582
0.999583
0.999583
0.999583
0.999584
0.999584
0.999584
0.999585
0.999585
0.999585
0.999586
0.999586
0.999586
0.999587
0.999587
0.999587
0.999588
0.999588
0.999588
0.999589
0.999589
0.999589
0.99959
0.99959
0.99959
0.999591
0.999591
0.999591
0.999592
0.999592
0.999592
0.999593
0.999593
0.999593
0.999594
0.999594
0.999594
0.999595
0.999595
0.999595
0.999595
0.999596
0.999596
0.999596
0.999597
0.999597
0.999597
0.999598
0.999598
0.999598
0.999599
0.999599
0.999599
0.9996
0.9996
0.9996
0.999601
0.999601
0.999601
0.999602
0.999602
0.999602
0.999603
0.999603
0.999603
0.999603
0.999604
0.999604
0.999604
0.999605
0.999605
0.999605
0.999606
0.999606
0.999606
0.999607
0.999607
0.999607
0.999608
0.999608
0.999608
0.999609
0.999609
0.999609
0.999609
0.99961
0.99961
0.99961
0.999611
0.999611
0.999611
0.999612
0.999612
0.999612
0.999613
0.999613
0.999613
0.999614
0.999614
0.999614
0.999614
0.999615
0.999615
0.999615
0.999616
0.999616
0.999616
0.999617
0.999617
0.999617
0.999618
0.999618
0.999618
0.999618
0.999619
0.999619
0.999619
0.99962
0.99962
0.99962
0.999621
0.999621
0.999621
0.999621
0.999622
0.999622
0.999622
0.999623
0.999623
0.999623
0.999624
0.999624
0.999624
0.999624
0.999625
0.999625
0.999625
0.999626
0.999626
0.999626
0.999627
0.999627
0.999627
0.999627
0.999628
0.999628
0.999628
0.999629
0.999629
0.999629
0.99963
0.99963
0.99963
0.99963
0.999631
0.999631
0.999631
0.999632
0.999632
0.999632
0.999632
0.999633
0.999633
0.999633
0.999634
0.999634
0.999634
0.999635
0.999635
0.999635
0.999635
0.999636
0.999636
0.999636
0.999637
0.999637
0.999637
0.999637
0.999638
0.999638
0.999638
0.999639
0.999639
0.999639
0.999639
0.99964
0.99964
0.99964
0.999641
0.999641
0.999641
0.999641
0.999642
0.999642
0.999642
0.999643
0.999643
0.999643
0.999643
0.999644
0.999644
0.999644
0.999645
0.999645
0.999645
0.999645
0.999646
0.999646
0.999646
0.999647
0.999647
0.999647
0.999647
0.999648
0.999648
0.999648
0.999649
0.999649
0.999649
0.999649
0.99965
0.99965
0.99965
0.999651
0.999651
0.999651
0.999651
0.999652
0.999652
0.999652
0.999652
0.999653
0.999653
0.999653
0.999654
0.999654
0.999654
0.999654
0.999655
0.999655
0.999655
0.999656
0.999656
0.999656
0.999656
0.999657
0.999657
0.999657
0.999657
0.999658
0.999658
0.999658
0.999659
0.999659
0.999659
0.999659
0.99966
0.99966
0.99966
0.99966
0.999661
0.999661
0.999661
0.999662
0.999662
0.999662
0.999662
0.999663
0.999663
0.999663
0.999663
0.999664
0.999664
0.999664
0.999664
0.999665
0.999665
0.999665
0.999666
0.999666
0.999666
0.999666
0.999667
0.999667
0.999667
0.999667
0.999668
0.999668
0.999668
0.999668
0.999669
0.999669
0.999669
0.99967
0.99967
0.99967
0.99967
0.999671
0.999671
0.999671
0.999671
0.999672
0.999672
0.999672
0.999672
0.999673
0.999673
0.999673
0.999673
0.999674
0.999674
0.999674
0.999675
0.999675
0.999675
0.999675
0.999676
0.999676
0.999676
0.999676
0.999677
0.999677
0.999677
0.999677
0.999678
0.999678
0.999678
0.999678
0.999679
0.999679
0.999679
0.999679
0.99968
0.99968
0.99968
0.99968
0.999681
0.999681
0.999681
0.999681
0.999682
0.999682
0.999682
0.999682
0.999683
0.999683
0.999683
0.999684
0.999684
0.999684
0.999684
0.999685
0.999685
0.999685
0.999685
0.999686
0.999686
0.999686
0.999686
0.999687
0.999687
0.999687
0.999687
0.999688
0.999688
0.999688
0.999688
0.999689
0.999689
0.999689
0.999689
0.99969
0.99969
0.99969
0.99969
0.999691
0.999691
0.999691
0.999691
0.999691
0.999692
0.999692
0.999692
0.999692
0.999693
0.999693
0.999693
0.999693
0.999694
0.999694
0.999694
0.999694
0.999695
0.999695
0.999695
0.999695
0.999696
0.999696
0.999696
0.999696
0.999697
0.999697
0.999697
0.999697
0.999698
0.999698
0.999698
0.999698
0.999699
0.999699
0.999699
0.999699
0.9997
0.9997
0.9997
0.9997
0.9997
0.999701
0.999701
0.999701
0.999701
0.999702
0.999702
0.999702
0.999702
0.999703
0.999703
0.999703
0.999703
0.999704
0.999704
0.999704
0.999704
0.999705
0.999705
0.999705
0.999705
0.999705
0.999706
0.999706
0.999706
0.999706
0.999707
0.999707
0.999707
0.999707
0.999708
0.999708
0.999708
0.999708
0.999709
0.999709
0.999709
0.999709
0.999709
0.99971
0.99971
0.99971
0.99971
0.999711
0.999711
0.999711
0.999711
0.999712
0.999712
0.999712
0.999712
0.999712
0.999713
0.999713
0.999713
0.999713
0.999714
0.999714
0.999714
0.999714
0.999715
0.999715
0.999715
0.999715
0.999715
0.999716
0.999716
0.999716
0.999716
0.999717
0.999717
0.999717
0.999717
0.999717
0.999718
0.999718
0.999718
0.999718
0.999719
0.999719
0.999719
0.999719
0.999719
0.99972
0.99972
0.99972
0.99972
0.999721
0.999721
0.999721
0.999721
0.999721
0.999722
0.999722
0.999722
0.999722
0.999723
0.999723
0.999723
0.999723
0.999723
0.999724
0.999724
0.999724
0.999724
0.999725
0.999725
0.999725
0.999725
0.999725
0.999726
0.999726
0.999726
0.999726
0.999727
0.999727
0.999727
0.999727
0.999727
0.999728
0.999728
0.999728
0.999728
0.999729
0.999729
0.999729
0.999729
0.999729
0.99973
0.99973
0.99973
0.99973
0.99973
0.999731
0.999731
0.999731
0.999731
0.999732
0.999732
0.999732
0.999732
0.999732
0.999733
0.999733
0.999733
0.999733
0.999733
0.999734
0.999734
0.999734
0.999734
0.999735
0.999735
0.999735
0.999735
0.999735
0.999736
0.999736
0.999736
0.999736
0.999736
0.999737
0.999737
0.999737
0.999737
0.999737
0.999738
0.999738
0.999738
0.999738
0.999739
0.999739
0.999739
